#     0                    1                    2         3         4         5          6          7          8            9         10         11         12         13         14           15         16         17         18         19         20           21         22         23         24         25         26           27         28         29         30         31         32            33          34          35          36            37          38          39          40            41          42          43          44            45          46          47          48
#   NUM         GLITCH-START           GLITCH-END  U-GLITCH  V-GLITCH  W-GLITCH      U-RAW      V-RAW      W-RAW        U-GAI      V-GAI      W-GAI      Z-GAI      N-GAI      E-GAI        U-DIS      V-DIS      W-DIS      Z-DIS      N-DIS      E-DIS        U-VEL      V-VEL      W-VEL      Z-VEL      N-VEL      E-VEL        U-ACC      V-ACC      W-ACC      Z-ACC      N-ACC      E-ACC    PHI_3D_GAI  INC_3D_GAI  SNR_3D_GAI  POL_3D_GAI    PHI_3D_DIS  INC_3D_DIS  SNR_3D_DIS  POL_3D_DIS    PHI_3D_VEL  INC_3D_VEL  SNR_3D_VEL  POL_3D_VEL    PHI_3D_ACC  INC_3D_ACC  SNR_3D_ACC  POL_3D_ACC
# ------------------------------------------------------------------------------------------------------------------------------------------------------------------------------------------------------------------------------------------------------------------------------------------------------------------------------------------------------------------------------------------------------------------------------------------------------------------------------------------------------------------------------------------------------------------------------------------------------
000001:  2019-06-02T00:32:13  2019-06-02T00:32:38         0         1         0        115        192       -144     1.34e-09   2.13e-09  -1.67e-09   3.22e-09   9.21e-10   7.66e-10     5.11e-09  -1.76e-08  -1.19e-08  -2.17e-08   -1.1e-08   3.87e-09    -5.09e-07  -8.81e-07  -7.97e-07  -1.48e-06  -2.22e-07   1.34e-07     1.14e-07   2.27e-07   2.37e-07   3.89e-07   6.21e-08   6.99e-08         326.9         3.7      31.566       0.985         166.2       156.8      34.641       0.986         145.2       170.4       3e+05       1.000         131.3        13.1       1e+04       1.000
000002:  2019-06-02T00:32:18  2019-06-02T00:32:43         0         0         1        116        182       -162     1.35e-09   2.02e-09  -1.87e-09    3.1e-09   7.45e-10   6.57e-10    -6.05e-09  -1.47e-08   -1.1e-08  -2.16e-08  -1.02e-08  -4.45e-09    -5.09e-07  -8.86e-07  -8.01e-07  -1.49e-06  -2.25e-07   1.36e-07     1.16e-07   2.27e-07   2.36e-07   3.91e-07    6.1e-08   6.89e-08         349.3         7.4      26.784       0.982         131.5       163.1      18.865       0.975         145.8       170.3       7e+05       1.000         131.1        13.1       1e+04       1.000
000003:  2019-06-02T00:32:28  2019-06-02T00:32:53         0         1         0        110        164       -177     1.28e-09   1.81e-09  -2.05e-09   -3.1e-09  -7.86e-10    8.2e-10    -1.01e-08  -1.33e-08   1.27e-08  -2.01e-08  -7.85e-09  -5.29e-09    -5.08e-07  -8.93e-07  -8.13e-07   -1.5e-06  -2.29e-07   1.43e-07     1.16e-07   2.29e-07   2.37e-07   3.92e-07   6.49e-08   6.93e-08         130.3       166.9      33.662       0.986         190.6       170.6      32.923       0.985         146.2       170.3       7e+05       1.000         130.8        13.1       8e+03       1.000
000004:  2019-06-02T00:32:36  2019-06-02T00:33:01         0         0         1        160       -170        157     1.86e-09  -1.88e-09   1.82e-09   3.16e-09  -9.35e-10   7.08e-10     -1.6e-08  -9.11e-09   9.88e-09  -2.05e-08  -3.34e-09  -6.79e-09    -5.07e-07  -8.96e-07  -8.23e-07  -1.51e-06   -2.3e-07   1.51e-07     1.18e-07   2.32e-07    2.4e-07   3.97e-07   6.32e-08   7.16e-08         255.2         6.4      67.064       0.993         309.5       168.5     151.847       0.997         146.6       170.5       7e+05       1.000         130.7        13.1       8e+03       1.000
000005:  2019-06-02T00:32:49  2019-06-02T00:33:14         0         1         0        190       -148       -150     2.21e-09  -1.64e-09  -1.74e-09   3.25e-09  -7.53e-10   4.29e-10    -2.48e-08   9.42e-09    1.3e-08  -2.16e-08   1.13e-08  -1.43e-08     5.21e-07  -9.07e-07  -8.41e-07  -1.52e-06  -2.42e-07   1.69e-07     1.22e-07    2.3e-07   2.44e-07   4.03e-07  -6.27e-08   7.27e-08         151.6         4.1      89.228       0.994         321.7       166.7     182.841       0.997         146.7       170.6       3e+06       1.000         130.5        13.2       6e+03       1.000
000006:  2019-06-02T00:32:58  2019-06-02T00:33:23         0         0         1       -400        109       -169    -4.64e-09   1.21e-09  -1.96e-09   -3.5e-09   1.98e-09  -3.13e-09    -2.23e-08   1.21e-08     -2e-08  -1.79e-08   1.43e-08  -1.66e-08     5.38e-07  -9.18e-07  -8.56e-07  -1.53e-06  -2.56e-07   1.88e-07     1.16e-07   2.32e-07   2.46e-07   4.01e-07  -6.21e-08  -7.41e-08         313.9       154.7       6.252       0.931         306.4       129.1       2.929       0.873         146.2       170.4       1e+05       1.000         310.4        13.5       4e+03       1.000
000007:  2019-06-02T00:33:04  2019-06-02T00:33:29         0         0         1       -339       -167        184    -3.93e-09  -1.85e-09   2.13e-09   3.33e-09      2e-09  -3.28e-09    -2.03e-08   1.49e-08  -2.18e-08  -1.84e-08   1.63e-08  -1.83e-08     5.42e-07  -9.28e-07  -8.67e-07  -1.53e-06  -2.71e-07   2.04e-07     1.16e-07   2.36e-07   2.46e-07   4.05e-07   6.44e-08   7.36e-08         306.6        24.0       3.108       0.878         301.9       114.9      22.526       0.979         145.1       170.0       3e+04       1.000         130.2        13.6       4e+03       1.000
000008:  2019-06-02T00:33:11  2019-06-02T00:33:36         0         0         1       -277       -172        226    -3.22e-09   -1.9e-09   2.61e-09   3.31e-09   2.03e-09  -3.44e-09    -1.83e-08   1.56e-08  -1.82e-08  -1.93e-08   1.78e-08  -1.99e-08     5.47e-07   -9.4e-07  -8.77e-07  -1.53e-06  -2.87e-07   2.18e-07      1.2e-07   2.39e-07   2.46e-07   4.07e-07   6.68e-08  -7.53e-08         298.1        11.9       0.808       0.724         295.6       116.7       5.886       0.927         143.7       169.5       3e+04       1.000         310.0        13.6       4e+03       1.000
000009:  2019-06-02T00:33:16  2019-06-02T00:33:41         0         1         0       -222        179        301    -2.58e-09   1.98e-09   3.48e-09   3.34e-09   2.07e-09  -3.58e-09    -1.43e-08   1.15e-08  -1.58e-08     -2e-08   1.28e-08    1.4e-08     5.51e-07  -9.49e-07  -8.86e-07  -1.53e-06  -3.02e-07   2.32e-07     1.17e-07   2.34e-07    2.5e-07   4.05e-07  -6.41e-08   7.53e-08         296.5        35.4       3.038       0.876           7.6       156.8       0.962       0.745         142.7       169.1       3e+05       1.000         130.1        13.5       3e+03       1.000
000010:  2019-06-02T00:33:55  2019-06-02T00:34:20         0         0         1        -76        345       -174    -8.88e-10   3.81e-09  -2.02e-09  -3.34e-09   2.84e-09   9.44e-10     2.56e-08  -2.39e-08  -7.81e-09  -1.67e-08  -3.03e-08   1.03e-08     4.76e-07  -9.59e-07   8.65e-07   1.56e-06  -3.14e-07   2.16e-07     1.16e-07   2.44e-07    2.5e-07   4.11e-07   7.14e-08  -7.53e-08         335.8       148.0      39.238       0.988         152.2       143.1       3.581       0.891         146.1        13.2       8e+05       1.000         309.9        13.4       4e+03       1.000
000011:  2019-06-02T00:36:41  2019-06-02T00:37:06         0         1         0       -415        362       -227    -4.82e-09   4.01e-09  -2.63e-09  -3.85e-09   5.93e-09  -1.48e-09     2.94e-08   3.82e-08  -9.39e-09  -6.49e-09   4.43e-08   1.18e-08     6.27e-07  -8.03e-07    9.1e-07   1.57e-06  -2.49e-07  -1.75e-07     1.05e-07   2.23e-07   2.39e-07   3.82e-07   6.49e-08  -7.76e-08           4.0       135.1       8.855       0.949         353.1        95.8     239.372       0.998         132.2         8.6       6e+03       1.000         310.1        14.9       8e+02       0.999
000012:  2019-06-02T00:36:55  2019-06-02T00:37:20         0         1         0       -247        525       -272    -2.87e-09   5.81e-09  -3.15e-09  -3.77e-09   5.76e-09   1.64e-09     3.03e-08   -3.3e-08   7.87e-09    7.2e-09  -3.95e-08   8.67e-09     5.84e-07  -8.67e-07   8.83e-07   1.54e-06   -3.3e-07  -1.72e-07     1.05e-07   2.24e-07   2.34e-07   3.76e-07   6.98e-08  -7.67e-08         342.4       137.6       7.372       0.940         171.6        79.8      14.737       0.968         144.0        10.9       2e+04       1.000         309.3        14.7       9e+02       0.999
000013:  2019-06-02T00:37:06  2019-06-02T00:37:31         0         1         0        125       -264       -207     1.46e-09  -2.93e-09   -2.4e-09  -3.65e-09  -1.99e-09   1.41e-09     2.97e-08  -2.78e-08   1.26e-08  -7.13e-09  -3.62e-08  -1.53e-08     5.65e-07  -8.65e-07   8.53e-07   1.52e-06  -3.29e-07  -1.55e-07     1.06e-07   2.19e-07   2.38e-07   3.81e-07   6.65e-08  -7.85e-08         159.4       154.3      15.370       0.969         143.3       107.5      30.259       0.984         147.7        11.3       9e+04       1.000         307.8        14.3       1e+03       1.000
000014:  2019-06-02T00:37:55  2019-06-02T00:38:20         0         0         1       -185        235       -227    -2.15e-09    2.6e-09  -2.63e-09  -4.04e-09   1.33e-09  -1.09e-09     9.36e-09   8.75e-09  -2.26e-08  -9.39e-09   8.97e-09   2.09e-08     4.79e-07   8.59e-07   8.32e-07   1.47e-06  -3.24e-07   -1.8e-07     1.07e-07   2.13e-07   2.35e-07   3.61e-07   6.63e-08  -8.46e-08          69.4       174.1      13.683       0.966          50.3       111.9       6.002       0.929         147.1        13.3       8e+04       1.000         306.6        15.0       7e+02       0.999
000015:  2019-06-02T00:38:05  2019-06-02T00:38:30         1         1         0       -187        162       -356    -2.18e-09    1.8e-09  -4.12e-09  -3.96e-09    2.4e-09   2.33e-09     1.45e-08  -3.02e-08  -1.89e-08  -9.43e-09  -3.05e-08   1.97e-08     4.46e-07   8.83e-07   8.31e-07   1.46e-06  -3.22e-07  -1.93e-07      9.5e-08   2.12e-07   2.24e-07    3.5e-07   6.73e-08   -8.2e-08          66.8       155.9      23.547       0.980         203.9       103.0      11.886       0.961         148.4        13.9       4e+04       1.000         307.5        15.0       7e+02       0.999
000016:  2019-06-02T00:38:10  2019-06-02T00:38:35         1         1         0       -201        197       -289    -2.33e-09   2.18e-09  -3.35e-09  -4.14e-09   2.58e-09   2.22e-09     1.75e-08  -3.19e-08  -1.73e-08  -7.63e-09  -3.36e-08   1.93e-08     4.27e-07      9e-07   8.25e-07   1.46e-06  -3.18e-07  -1.95e-07        1e-07   2.14e-07   2.19e-07   3.53e-07   7.09e-08  -8.49e-08          68.3       158.8      10.931       0.958         205.7       100.3     105.315       0.995         150.1        14.2       2e+04       1.000         307.7        15.0       7e+02       0.999
000017:  2019-06-02T00:38:18  2019-06-02T00:38:43         0         1         1       -118       -282       -240    -1.38e-09  -3.12e-09  -2.77e-09  -4.17e-09   2.67e-09   2.09e-09     1.94e-08  -3.19e-08  -1.25e-08     -4e-09  -3.53e-08   1.62e-08     4.04e-07   9.23e-07   8.12e-07   1.45e-06   3.07e-07  -1.94e-07     1.02e-07   2.03e-07   2.23e-07   3.48e-07    6.5e-08  -7.74e-08         352.5       158.7       4.832       0.914         205.6        97.9      29.461       0.984         332.6        14.6       4e+04       1.000         306.8        14.9       6e+02       0.999
000018:  2019-06-02T00:38:38  2019-06-02T00:39:03         0         0         1        218       -243       -172     2.53e-09   -2.7e-09  -1.99e-09  -3.84e-09  -1.91e-09   1.55e-09     1.57e-08  -1.98e-08   1.19e-08   5.82e-09  -2.54e-08  -1.32e-08     3.85e-07   9.52e-07   7.64e-07   1.43e-06   3.48e-07  -1.62e-07     9.58e-08   2.01e-07   2.14e-07   3.47e-07    6.2e-08   -7.6e-08         204.5       172.7      17.698       0.973         156.8        71.0       4.595       0.911         334.2        13.7       6e+04       1.000         304.7        14.8       6e+02       0.999
000019:  2019-06-02T00:38:58  2019-06-02T00:39:23         0         1         1        188       -285        171     2.19e-09  -3.16e-09   1.98e-09  -3.86e-09   -1.4e-09  -1.32e-09    -8.63e-09  -6.97e-09    1.6e-08   -6.7e-09   1.03e-08  -1.77e-08     3.98e-07   9.53e-07    7.2e-07   1.41e-06   3.51e-07   1.51e-07     1.02e-07      2e-07   2.09e-07   3.29e-07   6.67e-08  -7.49e-08         250.7       172.1      15.156       0.969         240.6       114.0      16.335       0.971         332.5        12.7       6e+04       1.000         303.6        15.3       4e+02       0.999
000020:  2019-06-02T00:39:18  2019-06-02T00:39:43         0         1         0       -155       -242        280     -1.8e-09  -2.68e-09   3.24e-09  -3.79e-09  -1.48e-09  -1.84e-09    -7.96e-09   9.29e-09  -1.82e-08  -8.08e-09    1.2e-08   1.38e-08     4.14e-07   9.16e-07  -7.25e-07   1.39e-06   3.15e-07   2.04e-07     8.94e-08   1.89e-07   2.07e-07   3.16e-07   5.96e-08  -7.53e-08         220.1       170.4      11.015       0.958          80.6       114.9       9.418       0.952         324.8        12.2       5e+04       1.000         303.1        15.6       3e+02       0.998
000021:  2019-06-02T00:39:29  2019-06-02T00:39:54         0         1         1       -142       -162       -233    -1.65e-09   -1.8e-09  -2.69e-09  -3.92e-09  -1.06e-09  -1.66e-09    -8.68e-09   1.31e-08  -1.97e-08   -8.6e-09    1.6e-08    1.5e-08     4.23e-07   8.88e-07   7.32e-07   1.39e-06   2.86e-07   2.18e-07      8.8e-08   1.85e-07   2.09e-07   3.15e-07   5.71e-08  -7.49e-08         272.7       170.7      11.261       0.959          62.6       116.7      22.012       0.978         320.6        12.2       4e+04       1.000         302.8        15.7       3e+02       0.998
000022:  2019-06-02T00:39:47  2019-06-02T00:40:12         0         0         1       -205       -167        199    -2.38e-09  -1.85e-09   2.31e-09  -3.78e-09   1.31e-09   1.41e-09    -1.06e-08   1.25e-08  -1.35e-08  -6.05e-09   1.27e-08   1.17e-08     4.37e-07   8.46e-07   7.44e-07   1.37e-06   2.45e-07   2.19e-07     8.78e-08   1.69e-07   1.97e-07   2.97e-07   5.13e-08  -7.24e-08          13.8       174.9       8.562       0.948          63.7        90.9       7.920       0.944         318.2        12.0       6e+05       1.000         303.7        15.8       3e+02       0.999
000023:  2019-06-02T00:39:59  2019-06-02T00:40:24         0         1         0       -209        200       -152    -2.43e-09   2.22e-09  -1.76e-09  -3.85e-09   1.29e-09  -1.25e-09    -9.43e-09   8.88e-09  -1.61e-08  -7.42e-09   1.14e-08  -1.32e-08     4.32e-07   8.23e-07   7.64e-07   1.37e-06   2.28e-07   2.14e-07     8.37e-08   1.77e-07   1.89e-07   2.85e-07   6.31e-08   -7.4e-08          76.1       170.6      13.507       0.966         256.3       112.4      15.177       0.969         316.3        12.3       6e+04       1.000         302.5        16.2       3e+02       0.998
000024:  2019-06-02T00:40:08  2019-06-02T00:40:33         0         1         0       -241       -150        224     -2.8e-09  -1.66e-09   2.59e-09     -4e-09   1.13e-09  -1.52e-09     7.33e-09   1.28e-08  -1.92e-08  -4.65e-09   1.24e-08   2.02e-08     4.17e-07   8.08e-07   7.81e-07   1.36e-06    2.2e-07   2.15e-07     8.19e-08   1.61e-07   1.91e-07   2.82e-07   5.17e-08  -7.35e-08         257.8       171.6      52.116       0.991          58.6       100.2      14.707       0.968         313.9        12.6       6e+04       1.000         302.4        16.3       3e+02       0.998
000025:  2019-06-02T00:40:29  2019-06-02T00:40:54         0         1         0       -135        194       -233    -1.57e-09   2.15e-09   -2.7e-09  -3.23e-09   2.36e-09   1.67e-09     2.94e-08  -2.74e-08   -1.4e-08   5.33e-09  -3.49e-08   1.98e-08     3.47e-07   8.21e-07   7.94e-07   1.33e-06   2.65e-07  -2.32e-07     8.77e-08   1.62e-07   1.79e-07   2.69e-07   5.78e-08  -7.42e-08         279.1       152.8       4.695       0.912         201.5        87.1       7.364       0.940         315.1        13.6       4e+04       1.000         304.3        16.3       2e+02       0.998
000026:  2019-06-02T00:40:44  2019-06-02T00:41:09         1         0         1        157        275       -104     1.82e-09   3.05e-09   -1.2e-09  -3.33e-09  -1.96e-09   1.23e-09     3.04e-08  -2.78e-08   1.25e-08   6.76e-09  -3.65e-08   9.16e-09    -3.89e-07   8.31e-07   7.87e-07   1.32e-06   2.88e-07  -2.38e-07     7.13e-08   1.56e-07   1.79e-07   2.64e-07   4.81e-08  -7.07e-08         195.0       151.9      14.519       0.968         178.8        74.0       4.359       0.907         316.4        12.7       2e+04       1.000         300.7        16.1       2e+02       0.997
000027:  2019-06-02T00:41:04  2019-06-02T00:41:29         0         0         1        207       -205       -237     2.41e-09  -2.27e-09  -2.75e-09  -3.49e-09  -2.13e-09   2.36e-09    -1.66e-08   3.88e-09  -8.25e-09  -1.03e-08   1.23e-08  -8.84e-09    -4.45e-07   8.04e-07   7.83e-07   1.31e-06   2.56e-07  -2.28e-07     7.17e-08   1.49e-07   1.67e-07   2.52e-07    5.3e-08  -6.95e-08          72.3       156.4      16.620       0.972         301.6       111.4       8.165       0.945         308.5        10.5       2e+04       1.000         300.2        16.3       1e+02       0.997
000028:  2019-06-02T00:41:35  2019-06-02T00:42:00         0         1         0       -417        530       -251    -4.84e-09   5.86e-09  -2.91e-09   -4.1e-09   6.08e-09  -3.08e-09    -2.59e-08   1.77e-08    6.6e-09  -8.83e-09      2e-08  -1.71e-08     4.41e-07   7.12e-07   7.51e-07   1.29e-06   1.43e-07  -1.71e-07     1.27e-07   1.97e-07   1.74e-07   2.25e-07   1.67e-07  -1.71e-07         300.3       163.7       5.872       0.927         275.5       133.8      14.870       0.968         300.3         8.2       1e+05       1.000         300.0        18.4       2e+01       0.975
000029:  2019-06-02T00:42:00  2019-06-02T00:42:25         1         0         0       -206        224        183    -2.39e-09   2.48e-09   2.11e-09  -3.66e-09   1.66e-09  -1.59e-09     8.01e-09   1.05e-08  -1.45e-08   8.11e-09  -1.05e-08   1.34e-08     4.56e-07    6.6e-07   7.44e-07   1.26e-06   9.81e-08  -1.68e-07     5.94e-08   1.32e-07   1.48e-07   2.21e-07   4.23e-08  -6.64e-08         346.1       172.4       9.697       0.953         151.9        53.3       1.475       0.798         300.2         9.1       1e+05       1.000         299.9        18.7       8e+01       0.994
000030:  2019-06-02T00:42:05  2019-06-02T00:42:30         0         0         1       -176        207        177    -2.05e-09   2.29e-09   2.05e-09  -3.64e-09   1.57e-09  -1.72e-09      8.7e-09  -1.07e-08  -1.53e-08  -4.75e-09  -1.15e-08   1.38e-08     4.52e-07   6.49e-07   7.47e-07   1.25e-06   9.12e-08  -1.74e-07        6e-08   1.21e-07   1.48e-07   2.11e-07   4.46e-08  -6.49e-08         344.6       166.8      11.443       0.960          32.4        94.1       1.834       0.824         299.8         9.3       1e+05       1.000         299.2        18.8       8e+01       0.994
000031:  2019-06-02T00:42:31  2019-06-02T00:42:56         0         1         1       -140       -201       -250    -1.63e-09  -2.23e-09  -2.89e-09  -3.54e-09   2.42e-09   1.84e-09     1.78e-08  -2.23e-08  -1.05e-08   -5.6e-09   -2.6e-08   7.17e-09     4.16e-07   6.59e-07   7.31e-07   1.23e-06   1.22e-07   -1.8e-07     4.98e-08   1.12e-07   1.29e-07   1.88e-07   4.14e-08  -6.14e-08         324.9       167.0       3.550       0.890         183.9        95.9      11.058       0.959         305.1         9.6       5e+04       1.000         300.0        19.7       7e+01       0.993
000032:  2019-06-02T00:43:34  2019-06-02T00:43:59         0         1         1       -174         95       -264    -2.02e-09   1.06e-09  -3.06e-09  -3.09e-09   1.83e-09  -2.09e-09    -1.52e-08  -1.69e-08  -1.85e-08  -2.57e-09  -1.98e-08   1.87e-08     4.11e-07   5.66e-07    6.6e-07   1.11e-06   6.94e-08  -1.49e-07     4.19e-08   8.72e-08   1.07e-07   1.47e-07   3.76e-08  -5.68e-08         228.7       144.8       4.351       0.907         160.3        93.0       1.103       0.762         293.9         9.2       2e+04       1.000         297.0        25.2       2e+01       0.980
000033:  2019-06-02T00:44:18  2019-06-02T00:44:43         1         0         0        262       -199       -257     3.04e-09  -2.21e-09  -2.98e-09  -3.29e-09  -2.69e-09   2.25e-09    -3.91e-08   4.58e-08   1.15e-08   4.92e-09   5.49e-08  -1.51e-08     4.25e-07   4.66e-07   6.02e-07   1.01e-06  -9.55e-08   -1.2e-07      1.3e-07   8.85e-08   1.03e-07   1.08e-07  -8.47e-08  -9.35e-08         190.5       156.3       2.968       0.874         359.5        82.8      10.545       0.957         291.2         8.4       6e+04       1.000         290.6        36.4           4       0.890
000034:  2019-06-02T00:44:31  2019-06-02T00:44:56         1         0         0       -574        465       -200    -6.66e-09   5.15e-09  -2.32e-09  -3.47e-09   7.49e-09  -2.16e-09     5.48e-08  -4.89e-08  -7.63e-09  -6.37e-09  -6.58e-08   1.94e-08     4.02e-07   4.52e-07   5.95e-07   9.82e-07  -1.41e-07   -1.3e-07     1.33e-07   6.82e-08   8.39e-08   1.02e-07  -9.48e-08   7.23e-08         349.1       109.8      13.417       0.965         164.9        92.5     178.683       0.997         116.5         9.5       2e+03       1.000         119.8        46.3           3       0.868
000035:  2019-06-02T00:44:45  2019-06-02T00:45:10         1         0         0       -490        562        201    -5.69e-09   6.22e-09   2.32e-09  -2.84e-09   7.45e-09  -2.57e-09     5.12e-08  -4.86e-08  -7.46e-09   3.68e-09  -6.32e-08   1.95e-08     3.45e-07   4.76e-07   5.84e-07   9.53e-07  -2.15e-07  -1.47e-07     4.01e-08   6.14e-08   8.55e-08   9.71e-08   3.31e-08  -5.46e-08         342.3       103.8       9.398       0.952         167.5        89.3     101.717       0.995         135.7        13.8       5e+03       1.000         295.0        48.1           2       0.843
000036:  2019-06-02T00:44:53  2019-06-02T00:45:18         0         1         0       -405        577       -156    -4.71e-09   6.38e-09  -1.81e-09  -2.65e-09    7.1e-09   -2.2e-09     5.02e-08  -4.88e-08  -6.51e-09   -2.2e-09  -6.23e-08   2.08e-08     3.28e-07   4.76e-07   5.81e-07   9.39e-07  -2.21e-07  -1.54e-07     4.27e-08   5.59e-08   6.99e-08   8.84e-08   3.44e-08   -4.9e-08         345.4       106.6      10.945       0.958         164.1        92.6     392.556       0.999         137.2        13.8       2e+04       1.000         284.9        51.3           1       0.781
000037:  2019-06-02T00:45:02  2019-06-02T00:45:27         1         0         0        225       -213        126     2.61e-09  -2.37e-09   1.46e-09  -2.84e-09  -3.05e-09  -1.13e-09     2.97e-08  -3.35e-08  -7.56e-09  -4.44e-09  -4.02e-08   1.15e-08     3.05e-07   4.77e-07   5.81e-07   9.25e-07  -1.94e-07  -1.66e-07     4.41e-08   5.19e-08   6.93e-08   8.25e-08   3.31e-08  -4.66e-08         164.0       135.3       3.340       0.885         166.4        93.0      68.869       0.993         136.7        13.2       8e+04       1.000         282.5        63.2         0.7       0.697
000038:  2019-06-02T00:45:40  2019-06-02T00:46:05         1         0         0       -453        532       -195    -5.26e-09   5.89e-09  -2.26e-09   -2.7e-09   7.43e-09   1.82e-09     3.58e-08   -4.5e-08  -1.71e-08  -5.71e-09  -5.37e-08   8.35e-09     2.05e-07   5.33e-07   5.44e-07    8.7e-07   1.78e-07  -1.82e-07     6.02e-08   6.03e-08   5.76e-08   9.65e-08    3.5e-08  -4.15e-08         348.9        90.1       4.842       0.914         180.4        92.3      90.570       0.995         333.6        15.3       2e+03       1.000         290.1        32.8           1       0.785
000039:  2019-06-02T00:45:55  2019-06-02T00:46:20         1         0         0       -258        392       -152    -2.99e-09   4.34e-09  -1.76e-09  -2.58e-09   4.68e-09   1.48e-09     3.36e-08  -4.69e-08    9.1e-09  -8.46e-09  -5.29e-08  -1.02e-08    -1.94e-07   5.64e-07   4.99e-07   8.46e-07   2.22e-07  -1.56e-07     4.84e-08   6.61e-08   5.72e-08   1.02e-07   3.54e-08  -4.62e-08         345.7       114.6       3.936       0.899         164.7       100.8     202.188       0.998         342.1        15.4       9e+03       1.000         253.3        17.9           3       0.868
000040:  2019-06-02T00:47:29  2019-06-02T00:47:54         1         0         0       -356       -308        180    -4.14e-09  -3.41e-09   2.08e-09  -3.18e-09     -3e-09  -2.52e-09     2.57e-08   2.62e-08   9.23e-09     -2e-08   2.84e-08   2.09e-08     2.87e-07   4.05e-07   2.67e-07    6.5e-07   9.31e-08   5.78e-08     7.35e-08   1.15e-07   9.29e-08   1.64e-07   4.09e-08  -3.69e-08         171.9       116.6       2.654       0.863          85.2       132.4       1.501       0.800           7.8         0.7       2e+03       1.000          14.3         7.1       2e+01       0.976
000041:  2019-06-02T00:47:38  2019-06-02T00:48:03         1         0         0       -322       -173       -155    -3.73e-09  -1.92e-09  -1.79e-09  -2.45e-09   2.59e-09  -2.53e-09     2.47e-08   2.24e-08  -1.12e-08   1.48e-08   2.72e-08   2.05e-08     2.67e-07   3.78e-07   2.62e-07   6.14e-07   8.54e-08   6.51e-08     6.99e-08   9.97e-08   9.91e-08   1.75e-07   3.74e-08  -3.65e-08           4.0       112.3       1.325       0.785         329.7        62.1      14.440       0.968         282.6         2.7       3e+03       1.000           7.4         6.1       3e+01       0.983
000042:  2019-06-02T00:48:01  2019-06-02T00:48:26         1         0         0        117        155       -122     1.37e-09   1.72e-09  -1.42e-09  -1.93e-09   1.89e-09   1.61e-09      2.4e-08  -1.48e-08   1.21e-08   1.17e-08  -2.32e-08   1.04e-08     2.05e-07   3.26e-07   2.28e-07   5.15e-07   9.07e-08   5.86e-08     7.12e-08   1.11e-07   9.18e-08   1.72e-07   3.73e-08  -3.91e-08          76.9       146.0       0.067       0.531         188.9        45.7       0.641       0.695         275.9         4.0       2e+04       1.000         347.6         7.1       4e+01       0.987
000043:  2019-06-02T00:49:14  2019-06-02T00:49:39         0         0         1       -388        400       -341     -4.5e-09   4.43e-09  -3.95e-09  -2.67e-09   5.46e-09   4.29e-09    -4.04e-08   3.61e-08  -1.96e-08   1.41e-08   4.99e-08  -9.86e-09     2.57e-07   -3.7e-08   2.37e-07   3.24e-07  -1.98e-07   5.63e-08    -8.83e-08  -2.21e-07   1.57e-07   2.15e-07  -1.89e-07  -1.74e-07         348.5       103.9       4.746       0.913         348.7        67.8      16.384       0.971         211.6        32.6       3e+02       0.998         147.5         6.9       1e+01       0.961
000044:  2019-06-02T00:49:21  2019-06-02T00:49:46         0         0         1       -387        411       -327    -4.49e-09   4.55e-09  -3.79e-09  -2.47e-09   5.51e-09    4.2e-09     4.38e-08  -3.34e-08   -1.3e-08  -1.57e-08  -5.01e-08   1.22e-08     2.29e-07  -5.86e-08   2.32e-07   3.01e-07  -1.88e-07  -5.29e-08     8.82e-08   2.17e-07   2.08e-07   2.19e-07  -1.77e-07  -1.81e-07         346.6       101.7       4.389       0.907         166.4       105.5     152.436       0.997         232.4        28.7       4e+01       0.988         324.3         6.3       1e+01       0.963
000045:  2019-06-02T00:49:33  2019-06-02T00:49:58         0         0         1       -377        383       -153    -4.37e-09   4.24e-09  -1.77e-09  -1.34e-09   5.48e-09  -2.11e-09     4.12e-08  -4.12e-08   1.12e-08  -7.44e-09  -5.35e-08   1.36e-08     1.88e-07  -7.98e-08   2.12e-07   2.62e-07  -1.69e-07  -7.29e-08        1e-07   1.39e-07   1.33e-07   2.22e-07   6.11e-08  -5.36e-08         344.2        91.9       6.680       0.935         176.3       100.9      17.414       0.973         122.8        40.2       4e+01       0.988         321.3         7.5       6e+01       0.992
000046:  2019-06-02T00:49:59  2019-06-02T00:50:24         0         0         1       -128       -190       -150    -1.49e-09  -2.11e-09  -1.74e-09   -1.6e-09  -2.06e-09   1.74e-09     2.01e-08  -2.75e-08   1.13e-08  -1.32e-08   -2.8e-08   1.59e-08     7.87e-08    9.4e-08   1.58e-07   1.62e-07   4.97e-08  -1.08e-07     9.84e-08   1.41e-07   1.35e-07    2.3e-07   5.55e-08  -6.55e-08          97.7       101.1       0.420       0.648         137.1       142.9       3.944       0.899         316.3        75.7       9e+01       0.994         323.4         9.4       6e+01       0.992
000047:  2019-06-02T00:52:18  2019-06-02T00:52:43         1         1         0       -945        958        154     -1.1e-08   1.06e-08   1.78e-09   1.62e-09   1.35e-08  -4.37e-09     7.07e-08  -7.78e-08  -2.44e-08  -1.02e-08  -9.47e-08   3.84e-08     1.68e-07  -7.87e-08   1.39e-08   6.23e-08  -1.49e-07   7.66e-08       -1e-07   1.48e-07  -1.37e-07  -2.28e-07   5.84e-08   4.15e-08         344.2        89.1     102.618       0.995         186.8       103.9      27.884       0.983         145.0        65.6       2e+02       0.998         324.5       170.6       1e+02       0.996
000048:  2019-06-02T01:09:21  2019-06-02T01:09:46         1         1         0       -728        710       -208    -8.45e-09   7.85e-09  -2.41e-09  -1.11e-09   1.02e-08  -3.72e-09     6.47e-08  -7.31e-08   2.27e-08   9.77e-09  -9.33e-08   2.42e-08     3.56e-07   -2.5e-07    6.2e-08   1.19e-07  -3.84e-07   9.95e-08    -8.64e-08   1.09e-07  -1.25e-07  -2.05e-07      4e-08   -6.1e-08         340.5        91.4      10.354       0.956         183.1        81.5      11.568       0.960         154.4        51.0       1e+02       0.996         300.1       171.0       7e+01       0.993
000049:  2019-06-02T01:09:43  2019-06-02T01:10:08         0         1         0       -467        549       -151    -5.41e-09   6.07e-09  -1.75e-09  -1.25e-09   7.49e-09   -1.1e-09     5.54e-08  -7.23e-08   1.24e-08   1.04e-08  -8.57e-08   6.51e-09     2.91e-07  -1.98e-07   7.68e-08  -1.18e-07  -3.18e-07   6.27e-08    -8.43e-08  -1.21e-07  -1.29e-07     -2e-07   5.03e-08   4.36e-08         354.8        92.5      53.882       0.991         176.2        81.4     609.219       0.999         164.3       118.3       2e+03       1.000         314.7       168.6       9e+01       0.994
000050:  2019-06-02T01:15:08  2019-06-02T01:15:33         1         0         1       -649        181        327    -7.53e-09      2e-09   3.79e-09  -2.92e-09   4.89e-09  -6.44e-09     4.48e-08   1.08e-08  -3.26e-08   9.28e-09  -1.93e-08   4.83e-08     1.86e-07   -1.6e-07  -3.29e-08   1.49e-07  -1.13e-07   1.39e-07    -6.89e-08  -1.22e-07  -1.25e-07  -2.04e-07   4.06e-08  -5.52e-08         299.1       103.4      17.121       0.972         113.7        88.1       6.690       0.935          69.6        39.2       2e+03       1.000         308.6       168.6       8e+01       0.994
000051:  2019-06-02T01:19:50  2019-06-02T01:20:15         1         0         0       -337        205        219    -3.91e-09   2.28e-09   2.54e-09   1.21e-09   3.15e-09  -3.64e-09     1.35e-08   1.05e-08  -7.86e-09  -4.13e-09  -1.22e-08   1.13e-08     7.99e-08   1.09e-07  -1.16e-07  -1.48e-07  -5.33e-08    7.8e-08     7.22e-08  -1.14e-07   1.19e-07  -1.88e-07  -4.87e-08  -4.56e-08         316.3        86.0       8.290       0.946         156.2        97.6      16.941       0.972           5.3       160.8       1e+03       1.000         132.3       167.6       7e+01       0.993
000052:  2019-06-02T01:37:20  2019-06-02T01:37:45         1         0         0       -367        275       -115    -4.26e-09   3.05e-09  -1.33e-09  -1.34e-09   4.17e-09  -1.97e-09     1.85e-08  -1.76e-08   7.62e-09   6.64e-09  -2.19e-08    9.9e-09    -2.53e-08   1.21e-07  -9.43e-08   1.19e-07   8.54e-08   4.96e-08    -5.97e-08  -9.77e-08  -1.09e-07  -1.66e-07   3.76e-08   4.32e-08         333.3        93.4      10.137       0.955         143.3        67.4       7.357       0.940         315.5        28.8       2e+03       1.000         126.7       164.8       5e+01       0.990
000053:  2019-06-02T01:40:05  2019-06-02T01:40:30         1         1         0       -514        425        152    -5.97e-09    4.7e-09   1.77e-09  -2.34e-09   6.27e-09   -3.4e-09     5.62e-08  -4.67e-08  -2.02e-08   1.36e-08  -5.99e-08   3.64e-08      2.9e-07   -1.9e-07  -6.16e-08   1.95e-07  -1.37e-07   2.15e-07    -6.31e-08  -1.01e-07  -1.05e-07   -1.6e-07   4.09e-08  -4.81e-08         340.9        94.5       9.334       0.952         191.1        67.7       6.600       0.934          81.4        34.4       3e+03       1.000         306.9       165.4       4e+01       0.989
000054:  2019-06-02T01:41:30  2019-06-02T01:41:55         0         1         0       -317        564       -274    -3.68e-09   6.24e-09  -3.17e-09   1.14e-09   7.04e-09   2.28e-09     4.04e-08  -5.59e-08   3.32e-08  -2.69e-09  -6.55e-08  -2.95e-08    -1.93e-07  -2.33e-07   3.02e-07  -1.84e-07  -3.19e-07  -1.81e-07    -5.04e-08   9.93e-08  -1.12e-07  -1.52e-07    5.4e-08  -5.21e-08           0.5        87.2      19.616       0.976         136.3        95.1      33.498       0.986         192.0       130.2       6e+02       0.999         301.1       163.4       3e+01       0.985
000055:  2019-06-02T01:48:52  2019-06-02T01:49:17         1         1         0       -611        734       -131    -7.09e-09   8.12e-09  -1.52e-09  -1.14e-09   9.72e-09  -2.36e-09     6.59e-08  -6.68e-08  -1.36e-08  -5.31e-09  -8.49e-08   2.27e-08     4.14e-07  -3.51e-07   6.99e-08  -1.48e-07  -4.71e-07   1.14e-07    -6.72e-08  -7.32e-08  -9.67e-08   -1.4e-07   4.15e-08  -4.94e-08         351.3        90.6      49.272       0.990         169.6        93.0     123.545       0.996         154.6       144.8       4e+01       0.986         290.6       166.3       3e+01       0.985
000056:  2019-06-02T01:49:02  2019-06-02T01:49:27         1         1         0       -583        623       -112    -6.77e-09   6.89e-09   -1.3e-09   1.35e-09   8.84e-09  -2.24e-09     6.33e-08  -6.57e-08    9.7e-09  -3.85e-09  -8.21e-08   2.36e-08     4.25e-07  -3.17e-07   8.18e-08  -1.47e-07  -4.79e-07   1.08e-07    -5.39e-08  -7.92e-08  -9.07e-08  -1.36e-07   4.38e-08  -4.61e-08         345.7        86.7      18.772       0.975         160.0        94.3      21.263       0.978         161.0       131.6       7e+02       0.999         299.4       164.2       3e+01       0.986
000057:  2019-06-02T02:24:08  2019-06-02T02:24:33         0         0         1       -337       1099       -893    -3.91e-09   1.22e-08  -1.03e-08   -1.4e-09   1.25e-08   8.82e-09     2.02e-08  -5.73e-08   5.01e-08   -2.8e-09  -5.68e-08  -4.37e-08     2.38e-07  -2.79e-07   1.87e-07  -1.51e-07  -3.18e-07  -5.26e-08    -5.33e-08   5.24e-08   7.14e-08  -7.39e-08   5.78e-08  -5.55e-08          36.5        92.8      30.290       0.984         223.6        92.6       7.957       0.944         183.2       164.0       1e+02       0.996         298.9       152.5           4       0.909
000058:  2019-06-02T02:24:13  2019-06-02T02:24:38         0         1         0       -279        561       -398    -3.24e-09   6.21e-09   -4.6e-09  -1.09e-09   7.12e-09   3.55e-09     2.43e-08  -5.59e-08   4.94e-08   1.89e-09  -5.49e-08  -4.36e-08      2.4e-07  -2.36e-07   1.78e-07   1.51e-07  -3.08e-07  -4.43e-08    -3.07e-08    5.6e-08  -6.82e-08  -7.42e-08   4.22e-08  -4.28e-08          30.5        93.7      11.442       0.960         242.1        88.6      49.950       0.990         179.5        23.3       2e+02       0.998         300.2       154.2           7       0.934
000059:  2019-06-02T02:37:14  2019-06-02T02:37:39         1         1         0       -475        579       -171    -5.51e-09   6.41e-09  -1.99e-09   1.16e-09    7.5e-09  -1.95e-09     2.12e-08  -2.17e-08   5.31e-09   2.77e-09  -2.81e-08   4.79e-09     9.13e-08   -1.2e-07   1.21e-07  -1.54e-07  -1.01e-07   7.13e-08     3.38e-08   5.24e-08   6.11e-08  -6.14e-08   4.25e-08  -4.77e-08         354.9        86.2      16.169       0.971         169.2        86.3      30.284       0.984         258.2       156.2       2e+03       1.000         306.6       143.1           2       0.811
000060:  2019-06-02T02:56:53  2019-06-02T02:57:18         1         0         1       -562        175        329    -6.52e-09   1.94e-09    3.8e-09  -1.69e-09   4.05e-09  -5.92e-09     4.44e-08  -1.58e-08  -2.79e-08  -2.29e-09     -3e-08   4.16e-08     1.71e-07   -6.4e-08  -8.39e-08    1.4e-07  -7.57e-08   9.02e-08    -3.63e-08   3.51e-08   3.04e-08  -3.51e-08   3.46e-08  -3.12e-08         302.7        97.6      29.923       0.984         125.9        93.4      25.354       0.981         138.4        14.6       3e+03       1.000         318.2       129.6         0.5       0.658
000061:  2019-06-02T03:01:42  2019-06-02T03:02:07         1         0         1        638       -290       -427     7.41e-09  -3.21e-09  -4.94e-09   1.12e-09  -5.36e-09   7.07e-09    -3.57e-08   1.21e-08    2.5e-08   6.18e-10   2.31e-08  -3.56e-08    -1.53e-07  -1.35e-07   3.57e-07   -1.2e-07   9.22e-08  -3.71e-07    -5.88e-08   4.57e-08   4.97e-08   4.26e-08   5.11e-08  -6.07e-08         124.8        87.5      28.193       0.983         299.0        89.2     197.975       0.997         242.0       114.2       2e+03       1.000         302.8        86.3           1       0.775
000062:  2019-06-02T03:03:59  2019-06-02T03:04:24         1         0         1      -1335      -3094       2994    -1.55e-08  -3.42e-08   3.46e-08  -1.03e-08   -2.4e-08  -4.06e-08     9.16e-08   2.05e-07  -2.08e-07   5.84e-08   1.45e-07   2.44e-07     1.46e-07   7.74e-07  -5.14e-07   2.75e-07   5.96e-07   6.14e-07    -4.22e-08   -5.1e-08   4.13e-08  -4.19e-08  -4.62e-08  -5.27e-08         239.3       101.8     296.383       0.998          60.1        79.3     109.933       0.995          31.8        58.0       8e+03       1.000         329.1       112.7        0.06       0.527
000063:  2019-06-02T03:04:03  2019-06-02T03:04:28         0         1         1       -630      -1862       1640     -7.3e-09  -2.06e-08    1.9e-08  -5.95e-09  -1.53e-08   -2.2e-08     9.15e-08   2.04e-07  -2.07e-07   5.82e-08   1.43e-07   2.43e-07     1.23e-07   7.32e-07  -4.68e-07   2.61e-07   5.67e-07    5.6e-07    -3.99e-08  -4.69e-08   3.99e-08     -4e-08  -4.21e-08  -4.81e-08         236.3       102.5     108.454       0.995          58.9        78.8     322.619       0.998          31.5        58.5       2e+04       1.000         325.1       112.9      -0.006       0.497
000064:  2019-06-02T03:19:35  2019-06-02T03:20:00         0         1         0       -426        706       -356    -4.94e-09   7.81e-09  -4.12e-09   1.24e-09   9.17e-09    2.1e-09     4.46e-08  -6.09e-08  -1.86e-08   1.28e-09  -7.25e-08   2.58e-08     1.37e-07  -1.17e-07   1.24e-07   9.82e-08  -1.83e-07   5.39e-08    -9.65e-08   5.93e-08  -6.87e-08   3.13e-08   7.82e-08   8.99e-08          11.1        86.7      22.148       0.978         205.5        89.4     455.262       0.999         201.3        54.1       1e+03       1.000         122.1        89.7           2       0.850
000065:  2019-06-02T03:24:19  2019-06-02T03:24:44         0         1         0       -146        443       -284     -1.7e-09    4.9e-09  -3.28e-09   1.89e-09   4.28e-09   3.39e-09    -5.17e-09  -2.32e-08    1.7e-08  -7.58e-09  -1.83e-08  -1.97e-08     2.76e-08  -1.19e-07   1.27e-07  -1.08e-07  -8.92e-08  -1.01e-07     7.74e-08  -5.17e-08  -5.81e-08  -3.27e-08   6.38e-08   7.81e-08          38.5        75.6       6.945       0.937         215.7       103.3      17.335       0.973         295.2       139.8       9e+02       0.999         117.5        93.2           1       0.744
000066:  2019-06-02T03:35:19  2019-06-02T03:35:44         1         1         1       -373       1256       -891    -4.33e-09   1.39e-08  -1.03e-08  -1.12e-09    1.4e-08   8.46e-09     2.18e-08  -8.03e-08   5.87e-08   1.25e-09  -8.25e-08  -4.79e-08     4.01e-08     -1e-07   1.64e-07  -9.58e-08  -1.27e-07   -1.2e-07     8.35e-08   4.68e-08   5.41e-08  -3.28e-08  -5.93e-08  -7.54e-08          29.4        90.0      77.861       0.994         216.2        89.8      82.861       0.994         234.1       130.1       9e+02       0.999         300.8        91.7         0.8       0.723
000067:  2019-06-02T03:48:58  2019-06-02T03:49:23         1         0         1        463        235       -559     5.38e-09   2.61e-09  -6.47e-09  -2.45e-09   2.75e-09   7.76e-09     -2.4e-08   1.48e-08   1.99e-08  -3.29e-09   1.96e-08  -2.55e-08    -6.22e-08  -1.17e-07   2.23e-07  -1.31e-07  -1.29e-07  -1.89e-07    -6.85e-08  -5.07e-08  -6.02e-08  -5.76e-08  -5.91e-08   6.31e-08         103.4        93.9       3.787       0.896         332.8        97.6       6.247       0.931         234.2       128.0       5e+02       0.999          62.2        99.9        0.08       0.538
000068:  2019-06-02T04:11:15  2019-06-02T04:11:40         1         0         1        764       -161       -591     8.86e-09  -1.79e-09  -6.84e-09   1.75e-09  -4.52e-09   9.62e-09     -4.2e-08   6.71e-09   3.31e-08  -5.26e-09    1.8e-08  -4.68e-08       -8e-08  -5.41e-08   1.14e-07  -7.63e-08    5.2e-08  -1.19e-07     5.41e-08  -4.77e-08   5.65e-08  -4.28e-08   4.95e-08  -5.36e-08         112.6        85.4      44.304       0.989         283.7        93.5      46.703       0.990         301.1       133.6       1e+03       1.000         307.8       110.8         0.7       0.711
000069:  2019-06-02T04:19:07  2019-06-02T04:19:32         0         1         0       -239        614       -388    -2.77e-09    6.8e-09  -4.49e-09   1.02e-09   7.22e-09   3.53e-09     1.01e-08  -3.15e-08   2.16e-08  -1.74e-09  -3.29e-08  -1.69e-08     1.14e-07  -2.11e-07   1.26e-07   8.11e-08  -2.14e-07  -7.86e-08     4.22e-08   5.19e-08  -5.32e-08   4.74e-08   5.25e-08   5.46e-08          25.0        88.6      19.840       0.976         203.4        91.2      83.212       0.994         137.8        46.6       3e+02       0.998         132.7        55.7         0.9       0.734
000070:  2019-06-02T04:35:46  2019-06-02T04:36:11         0         0         1       -170        189       1435    -1.97e-09    2.1e-09   1.66e-08   1.08e-08  -3.44e-09  -1.26e-08     8.72e-09  -5.13e-09  -9.35e-08  -6.22e-08   1.84e-08      7e-08    -3.41e-08   6.23e-08  -3.75e-07  -2.71e-07   1.34e-07   2.68e-07      9.8e-08  -7.33e-08    9.2e-08   5.49e-08  -8.32e-08  -1.08e-07         255.6        49.2      33.990       0.986          70.1       134.2      19.723       0.976          34.6       106.8       1e+01       0.964         305.3        75.0           2       0.817
000071:  2019-06-02T04:37:57  2019-06-02T04:38:22         0         1         0       -282        465       -349    -3.28e-09   5.15e-09  -4.04e-09  -1.59e-09   5.82e-09   3.32e-09     1.46e-08  -1.88e-08   9.66e-09   2.89e-09  -2.29e-08  -5.82e-09     7.33e-08  -6.29e-08   6.09e-08   5.85e-08  -9.01e-08  -2.19e-08     1.45e-07  -8.51e-08  -1.15e-07  -5.24e-08   -1.1e-07   1.48e-07          19.2        92.2       2.450       0.855         184.6        85.5       7.834       0.943         231.8        15.8           9       0.948         127.7       102.4         0.7       0.701
000072:  2019-06-02T04:41:16  2019-06-02T04:41:41         1         1         0       -546        583       -157    -6.33e-09   6.45e-09  -1.82e-09   1.46e-09   7.89e-09  -2.43e-09     3.43e-08  -4.18e-08   8.08e-09  -2.16e-09  -5.05e-08   7.52e-09     1.09e-07  -6.28e-08   6.67e-08   7.98e-08  -1.15e-07   5.84e-09    -1.11e-07   8.67e-08   1.06e-07  -5.36e-08   9.95e-08   -1.3e-07         349.7        87.9      12.507       0.963         175.1        90.4      26.772       0.982         183.2        33.6       8e+02       0.999         305.9       101.7           2       0.823
000073:  2019-06-02T04:46:53  2019-06-02T04:47:18         1         0         0        323        113       -178     3.75e-09   1.25e-09  -2.06e-09   1.62e-09  -2.39e-09   3.23e-09    -2.28e-08   5.71e-09   1.26e-08  -5.88e-09    1.1e-08  -2.13e-08    -2.46e-08   7.76e-08  -6.56e-08  -8.32e-08   5.91e-08   3.07e-08    -1.08e-07    6.4e-08    1.1e-07   5.19e-08   8.69e-08  -1.22e-07         112.5        72.1       3.954       0.899         287.4       109.0      57.778       0.991         331.7       154.8       3e+02       0.998         306.0        81.7           2       0.826
000074:  2019-06-02T05:11:41  2019-06-02T05:12:06         1         0         0        541       -470       -263     6.28e-09   -5.2e-09  -3.04e-09   1.73e-09  -6.31e-09   5.25e-09    -3.51e-08   2.63e-08   2.06e-08   3.21e-09   3.58e-08   -2.7e-08    -1.48e-07   6.33e-08   4.97e-08  -9.59e-08   8.29e-08   -8.1e-08     1.33e-07  -9.03e-08   1.04e-07  -6.01e-08      1e-07  -1.24e-07         147.8        86.1       3.893       0.898           8.9        83.5      16.936       0.972         308.1       155.2       5e+02       0.999         304.0        97.1           1       0.790
000075:  2019-06-02T05:19:28  2019-06-02T05:19:53         0         1         1        986      14253     -27620     1.14e-08   1.58e-07  -3.19e-07  -1.08e-07   1.77e-07    2.7e-07    -2.35e-08  -8.39e-07   1.72e-06   5.87e-07  -9.46e-07  -1.45e-06    -7.77e-08  -2.07e-06   4.42e-06   1.58e-06  -2.38e-06   -3.7e-06    -3.29e-07   9.54e-07  -1.69e-06  -7.29e-07   1.21e-06   1.26e-06          56.7       108.6    9325.549       1.000         236.6        71.4    4657.857       1.000         238.1        66.9       2e+04       1.000          48.0       107.9           9       0.950
000076:  2019-06-02T05:20:41  2019-06-02T05:21:06         0         1         1        129        613       -655      1.5e-09   6.78e-09  -7.57e-09  -1.16e-09   6.29e-09    7.3e-09    -1.29e-08   2.32e-08  -6.68e-08  -2.92e-08   2.87e-08   5.65e-08     -3.5e-08   6.51e-07  -1.56e-06  -6.33e-07   7.98e-07   1.27e-06     5.95e-08  -6.76e-08  -6.67e-08  -6.88e-08  -7.41e-08   6.78e-08          53.7        91.7      17.919       0.974          85.1       107.8      16.668       0.972          58.5       111.8       2e+05       1.000         130.1       137.8         0.6       0.688
000077:  2019-06-02T05:30:04  2019-06-02T05:30:29         1         0         0        541       -164       -281     6.28e-09  -1.81e-09  -3.25e-09   2.89e-09   -3.9e-09   5.56e-09    -3.35e-08   5.13e-09   1.39e-08  -1.07e-08   1.87e-08  -2.75e-08    -4.54e-08  -1.47e-08  -4.73e-08  -7.17e-08   2.36e-08   -4.8e-08      4.6e-08   5.81e-08    6.5e-08   6.76e-08   5.31e-08  -5.73e-08         121.1        71.6      14.671       0.968         294.4       101.7      31.515       0.985         265.9       146.1       3e+02       0.999         307.4        41.1           1       0.747
000078:  2019-06-02T05:42:59  2019-06-02T05:43:24         0         1         1        144        418       -439     1.68e-09   4.63e-09  -5.08e-09  -1.19e-09   4.01e-09   4.79e-09    -2.04e-09  -1.56e-08   2.31e-08   4.94e-09  -1.56e-08  -2.05e-08     -3.1e-08  -9.97e-08   9.06e-08  -5.43e-08  -6.72e-08  -8.26e-08     4.05e-08   5.34e-08  -4.89e-08    5.9e-08  -3.91e-08   4.08e-08          48.1        92.1       9.478       0.952         229.5        82.4      62.690       0.992         354.3       155.7       2e+02       0.998         136.1        27.3           2       0.828
000079:  2019-06-02T05:51:11  2019-06-02T05:51:36         0         1         1        235        961      -1507     2.73e-09   1.06e-08  -1.74e-08   -4.3e-09      1e-08    1.6e-08      1.6e-08   -6.2e-08   8.17e-08   1.97e-08  -6.54e-08   -6.9e-08    -9.25e-08  -1.63e-07   4.32e-07   1.22e-07  -1.56e-07  -4.01e-07    -3.48e-08   5.29e-08  -5.54e-08  -5.93e-08   5.31e-08      5e-08          56.8       100.5      97.251       0.995         225.1        80.9      15.813       0.970         246.8        65.0       1e+03       1.000         314.1       157.2           2       0.816
000080:  2019-06-02T05:52:39  2019-06-02T05:53:04         1         0         1      -1511       -345       1958    -1.75e-08  -3.82e-09   2.26e-08   2.39e-09   3.56e-09  -2.66e-08     9.12e-08   2.38e-08  -1.16e-07  -1.05e-08   -1.3e-08    1.4e-07     2.41e-07    7.1e-08  -3.33e-07  -9.29e-08   5.16e-08   3.91e-07     -3.7e-08  -5.18e-08   5.87e-08   6.58e-08  -3.52e-08  -4.74e-08         275.9        87.9     187.612       0.997          98.4        92.7      73.548       0.993         111.3       114.5       2e+02       0.998         309.3        23.9           3       0.886
000081:  2019-06-02T06:05:13  2019-06-02T06:05:38         1         1         1      -1748       7231      -7006    -2.03e-08   7.99e-08   -8.1e-08   -1.5e-08   8.56e-08    6.5e-08     1.05e-07  -4.32e-07   3.83e-07   8.02e-08   -4.5e-07  -3.13e-07     2.95e-07  -1.09e-06   1.35e-06   3.78e-07  -1.23e-06  -1.05e-06    -3.39e-08   8.15e-08  -1.07e-07    7.3e-08   7.48e-08   7.92e-08          36.6        96.7      62.708       0.992         213.1        89.0      19.728       0.976         215.5        78.1       8e+02       0.999         167.4        29.2           2       0.833
000082:  2019-06-02T06:05:34  2019-06-02T06:05:59         0         0         1        212       -405      -1441     2.46e-09  -4.48e-09  -1.67e-08   -1.3e-08  -4.97e-09   1.24e-08     2.48e-08  -7.36e-08   1.49e-07   8.43e-08  -9.02e-08  -1.08e-07     1.59e-07  -5.76e-07    9.5e-07   3.62e-07  -6.97e-07  -7.32e-07     -3.5e-08   6.85e-08  -7.02e-08  -6.69e-08   5.24e-08   5.09e-08          72.3       132.2     120.862       0.996         250.8        35.5       6.277       0.931         224.2        69.0       2e+04       1.000         317.4       160.7           4       0.898
000083:  2019-06-02T06:16:41  2019-06-02T06:17:06         1         0         0        459       -158       -414     5.33e-09  -1.76e-09  -4.78e-09   1.51e-09  -2.59e-09    6.4e-09       -3e-08  -8.26e-09   2.71e-08   1.03e-08   7.85e-09  -3.75e-08    -1.25e-07   2.73e-08   6.62e-08  -7.03e-08   7.05e-08  -9.38e-08     4.18e-08   4.49e-08   7.02e-08   6.76e-08   3.39e-08   7.06e-08         109.7        87.1       7.769       0.943         278.6        73.1      41.957       0.988         344.5       158.6       3e+01       0.982         142.1        15.0           3       0.861
000084:  2019-06-02T06:17:01  2019-06-02T06:17:26         1         0         1        458        139       -418     5.32e-09   1.55e-09  -4.84e-09   1.39e-09   -2.2e-09   6.43e-09    -2.77e-08  -1.32e-08   2.84e-08  -5.03e-09  -8.53e-09  -3.71e-08    -7.35e-08   2.64e-08   5.98e-08  -5.91e-08   5.74e-08  -7.88e-08    -3.27e-08    5.3e-08  -5.07e-08  -5.54e-08  -3.65e-08   4.05e-08         103.3        83.9      10.422       0.956         281.8        92.9       5.535       0.923         260.3       133.8       4e+02       0.999         130.8       162.3           4       0.899
000085:  2019-06-02T06:19:12  2019-06-02T06:19:37         0         1         1        -99        576       -542    -1.15e-09   6.38e-09  -6.26e-09   1.07e-09   5.92e-09    5.6e-09    -3.97e-09  -2.98e-08   3.31e-08  -5.16e-09   -2.8e-08  -3.11e-08    -3.15e-08   -5.5e-08   1.27e-07  -2.99e-08  -4.94e-08  -1.21e-07     3.11e-08  -5.55e-08  -4.77e-08   5.81e-08    4.3e-08   3.07e-08          44.1        88.9      24.010       0.980         241.0       101.6      12.998       0.964         257.6       111.0       2e+03       1.000         317.2        18.7           3       0.875
000086:  2019-06-02T06:24:55  2019-06-02T06:25:20         0         0         1        245        273       -646     2.85e-09   3.02e-09  -7.46e-09  -2.16e-09   2.46e-09   7.56e-09     9.08e-09  -1.49e-08    3.5e-08   1.46e-08  -1.88e-08   -2.9e-08    -8.51e-08      1e-08   1.02e-07   5.63e-08   5.15e-08  -8.42e-08       -4e-08   5.06e-08  -4.93e-08   6.55e-08   3.52e-08   3.75e-08          73.4       104.2      18.018       0.974         249.8        63.6       2.381       0.852         208.6        35.8       2e+02       0.998         131.8        17.2           2       0.838
000087:  2019-06-02T06:29:06  2019-06-02T06:29:31         1         0         1        500        125       -513      5.8e-09   1.39e-09  -5.93e-09  -9.56e-10  -2.43e-09   7.27e-09       -3e-08   9.66e-09   2.89e-08   2.14e-09   1.51e-08  -3.71e-08    -6.33e-08  -3.43e-08   7.54e-08  -4.06e-08   2.76e-08  -8.77e-08     4.85e-08   5.12e-08  -6.62e-08   6.69e-08  -4.29e-08   5.81e-08         105.5        90.4      20.318       0.977         278.0        86.9      17.771       0.973         306.5       136.1       5e+02       0.999         132.4        25.8         0.9       0.734
000088:  2019-06-02T06:39:09  2019-06-02T06:39:34         0         1         1        127        528       -539     1.48e-09   5.85e-09  -6.24e-09  -1.39e-09   5.32e-09   6.09e-09     -1.1e-08  -2.93e-08   3.62e-08  -1.89e-09  -2.39e-08  -3.78e-08     2.51e-08  -7.32e-08   9.17e-08  -4.86e-08  -8.48e-08  -6.92e-08     5.47e-08   5.57e-08   7.33e-08   7.21e-08   4.75e-08  -6.39e-08          50.6        91.9      17.974       0.974         243.3        93.0      23.073       0.979         221.3       130.6       6e+02       0.999         311.5        20.3         0.9       0.738
000089:  2019-06-02T06:50:07  2019-06-02T06:50:32         1         0         0        760        511       -564     8.82e-09   5.66e-09  -6.53e-09   6.02e-09  -4.96e-09   7.66e-09    -3.84e-08    6.7e-09      3e-08   7.21e-09   1.72e-08  -4.22e-08    -3.88e-08  -5.77e-08   1.83e-07  -7.18e-08  -5.83e-08  -1.67e-07    -1.79e-07   2.99e-07  -3.57e-07  -1.45e-07   2.15e-07      4e-07         114.7        72.2       8.350       0.947         295.4        76.3      11.037       0.958         249.1       125.3       8e+02       0.999          64.0       114.5         0.3       0.605
000090:  2019-06-02T06:52:20  2019-06-02T06:52:45         0         0         1        114       -133       -348     1.33e-09  -1.47e-09  -4.02e-09  -2.95e-09  -1.43e-09   2.99e-09     8.68e-09   -8.4e-09   2.16e-08   9.59e-09   -1.2e-08  -1.83e-08    -6.08e-08   8.81e-08  -6.22e-08   4.83e-08   1.02e-07   3.32e-08     3.88e-08  -4.87e-08   5.68e-08   6.43e-08  -3.09e-08   3.59e-08          69.0       126.5       5.522       0.923         233.2        68.6       1.900       0.828           8.0        29.4       7e+01       0.993         130.8        11.3           4       0.898
000091:  2019-06-02T06:55:39  2019-06-02T06:56:04         1         0         0       5097       -366       -685     5.91e-08  -4.05e-09  -7.92e-09   3.59e-08  -3.19e-08   3.54e-08    -4.24e-08  -7.24e-09   8.99e-09  -2.46e-08   2.05e-08  -3.01e-08    -1.04e-07  -7.94e-08   3.77e-08  -8.04e-08  -6.19e-08  -5.13e-08    -1.83e-06  -1.96e-07  -3.06e-07  -1.35e-06    9.6e-07  -9.31e-07         133.9        51.4      25.520       0.981         302.0       128.6      28.837       0.983         188.5        99.3       7e+01       0.992         316.8       134.5           8       0.942
000092:  2019-06-02T07:21:13  2019-06-02T07:21:38         1         0         0       -349        241        217    -4.05e-09   2.67e-09   2.51e-09  -1.21e-09   3.58e-09   -3.6e-09     1.87e-08  -1.39e-08   8.26e-09  -3.77e-09  -1.92e-08  -1.07e-08     2.01e-08   2.93e-08   -6.1e-08   2.64e-08   2.79e-08   5.63e-08     5.01e-08   5.32e-08  -6.24e-08   -7.5e-08   3.67e-08   4.05e-08         309.9        90.3       3.881       0.898         145.3        98.1       0.986       0.748          53.9        58.6       4e+02       0.999         137.4       169.8           3       0.869
000093:  2019-06-02T07:28:12  2019-06-02T07:28:37         1         1         1       5825      -8457      -4113     6.75e-08  -9.35e-08  -4.75e-08  -4.96e-08  -9.65e-08   5.31e-08    -3.34e-07   4.89e-07   2.71e-07   2.73e-07   4.93e-07  -2.87e-07    -7.83e-07   1.31e-06   5.26e-07   7.14e-07   1.29e-06  -5.51e-07     8.75e-08  -8.72e-08  -9.92e-08  -9.95e-08  -8.97e-08   8.99e-08         150.7       114.6      69.936       0.993         328.1        63.5      10.883       0.958         314.1        55.0       4e+02       0.999         105.6       143.1         0.1       0.559
000094:  2019-06-02T07:32:20  2019-06-02T07:32:45         1         0         0       -346        278        260    -4.02e-09   3.08e-09   3.01e-09   1.17e-09   3.84e-09  -3.66e-09     1.53e-08  -1.81e-08   3.23e-08   1.18e-08  -2.51e-08  -2.74e-08     1.18e-07  -4.93e-08  -4.02e-07   -1.9e-07   -6.2e-08   3.63e-07    -5.73e-08   5.68e-08  -6.56e-08   7.03e-08  -3.48e-08   5.48e-08         316.3        82.8       4.378       0.907         210.0        65.5       1.070       0.758          80.8       117.0       2e+04       1.000         118.1        10.6           2       0.853
000095:  2019-06-02T07:33:52  2019-06-02T07:34:17         1         1         1       1047        494      -6259     1.21e-08   5.47e-09  -7.23e-08  -3.87e-08   1.14e-08   6.08e-08    -8.54e-08   2.94e-08   3.82e-07   2.11e-07  -3.14e-08  -3.26e-07    -1.12e-07  -1.38e-07   1.01e-06   5.34e-07  -2.18e-07  -8.26e-07     1.55e-07   8.61e-08  -1.08e-07  -8.21e-08      1e-07   1.54e-07          82.6       122.9     219.969       0.998         267.7        55.2      41.850       0.988         262.1        55.0       6e+02       0.999         127.6       101.9         0.6       0.695
000096:  2019-06-02T07:34:02  2019-06-02T07:34:27         0         1         0       -331        494        511    -3.84e-09   5.47e-09   5.92e-09   6.68e-09   4.26e-09  -6.17e-09    -7.86e-08  -2.04e-08   3.39e-07   1.72e-07  -3.06e-08  -2.95e-07    -5.16e-08   -1.3e-07   7.64e-07   3.99e-07  -2.18e-07  -6.18e-07     1.39e-07  -7.04e-08  -1.29e-07  -8.13e-08    9.6e-08   1.56e-07         303.2        37.0       0.206       0.585         268.3        60.0     150.788       0.997         255.8        56.2       1e+03       1.000         127.9       101.5         0.8       0.724
000097:  2019-06-02T07:55:21  2019-06-02T07:55:46         1         0         0        413        272       -482      4.8e-09   3.01e-09  -5.58e-09    1.8e-09  -2.42e-09   6.41e-09    -3.18e-08  -1.36e-08   1.64e-08  -1.73e-08  -1.07e-08  -3.09e-08    -4.05e-08  -1.05e-07   1.38e-07   4.42e-08  -9.49e-08  -1.37e-07     7.94e-08   6.04e-08    7.3e-08   7.58e-08  -4.83e-08   8.21e-08          83.5        83.4       3.288       0.883         286.5       110.4      11.707       0.961         351.8        58.6       1e+01       0.956          56.8         4.9         0.8       0.715
000098:  2019-06-02T07:55:32  2019-06-02T07:55:57         1         0         1        405        274       -484      4.7e-09   3.03e-09   -5.6e-09  -2.03e-09   2.81e-09   6.44e-09    -3.24e-08  -2.67e-08   1.56e-08  -1.61e-08  -3.26e-08     -3e-08    -3.13e-08  -9.81e-08   1.33e-07   5.59e-08  -9.28e-08  -1.23e-07    -8.84e-08   7.76e-08  -7.52e-08   8.63e-08  -5.22e-08   6.83e-08          92.0       103.3       3.399       0.886         153.7       113.1       6.276       0.931         203.8        70.3       1e+02       0.996         163.0         6.6         0.3       0.628
000099:  2019-06-02T08:02:48  2019-06-02T08:03:13         0         1         0        247       -387        186     2.86e-09  -4.29e-09   2.16e-09   1.63e-09  -4.44e-09   2.29e-09    -1.76e-08   2.32e-08  -8.16e-09   6.77e-09   2.76e-08   5.97e-09    -7.42e-08   9.21e-08  -3.04e-08  -1.55e-08    1.1e-07  -8.04e-09     1.19e-07   7.14e-08   1.01e-07   9.03e-08  -7.44e-08  -9.97e-08         190.3        83.1       2.505       0.857         357.9        85.7       4.358       0.907         322.5       159.8           7       0.938         299.9         6.1         0.1       0.551
000100:  2019-06-02T08:08:22  2019-06-02T08:08:47         1         1         0       -488        793       -362    -5.66e-09   8.77e-09  -4.19e-09   1.66e-09   9.96e-09    2.4e-09     3.74e-08  -5.09e-08   2.36e-08   7.37e-09  -6.22e-08  -8.68e-09    -1.49e-07  -2.15e-07   1.66e-07  -1.94e-08  -2.19e-07  -1.54e-07       -1e-07   7.41e-08  -8.19e-08   7.47e-08   7.79e-08   7.81e-08           7.7        88.9      23.643       0.980         186.7        84.7      37.625       0.987         177.8        93.9       8e+02       0.999         143.2         4.5         0.4       0.650
000101:  2019-06-02T08:09:04  2019-06-02T08:09:29         1         0         1        561       -131       -390      6.5e-09  -1.45e-09  -4.51e-09   1.93e-09  -3.56e-09   6.56e-09    -3.31e-08  -3.73e-09   2.64e-08  -6.16e-09    1.2e-08   -3.8e-08    -1.05e-07   1.26e-07   1.68e-07  -2.21e-08   1.52e-07     -2e-07     1.14e-07   7.76e-08   8.41e-08   8.39e-08   6.65e-08  -9.06e-08         109.1        81.9      10.584       0.957         287.7        92.6      33.534       0.986         225.1        93.7       2e+03       1.000         308.5        40.9        0.02       0.508
000102:  2019-06-02T08:16:39  2019-06-02T08:17:04         1         1         1       1058        703      -5412     1.23e-08   7.78e-09  -6.25e-08  -3.05e-08   1.19e-08   5.38e-08    -5.38e-08  -5.97e-08   3.53e-07   1.65e-07  -8.35e-08  -3.02e-07    -1.75e-07  -1.28e-07   9.62e-07   4.49e-07  -1.89e-07   -8.3e-07     9.01e-08  -8.93e-08  -1.17e-07  -1.04e-07  -8.42e-08   1.14e-07          77.4       118.9     249.318       0.998         254.2        61.9     267.454       0.998         247.8        60.0       7e+03       1.000         115.3       174.8         0.6       0.692
000103:  2019-06-02T08:16:39  2019-06-02T08:17:04         1         1         1       1058        703      -5413     1.23e-08   7.78e-09  -6.25e-08  -3.05e-08   1.19e-08   5.38e-08    -5.37e-08  -5.96e-08   3.53e-07   1.65e-07  -8.35e-08  -3.02e-07    -1.74e-07  -1.26e-07   9.52e-07   4.44e-07  -1.86e-07  -8.22e-07     8.88e-08  -9.07e-08  -1.18e-07  -1.02e-07  -8.43e-08   1.14e-07          77.3       118.9     263.693       0.998         254.0        61.7     278.818       0.998         247.9        60.1       7e+03       1.000         115.0       174.9         0.7       0.710
000104:  2019-06-02T08:21:42  2019-06-02T08:22:07         1         1         0       -626        873       -392    -7.27e-09   9.66e-09  -4.53e-09   1.89e-09   1.07e-08   3.07e-09      3.2e-08  -4.74e-08   1.07e-08  -5.53e-09  -5.43e-08   7.64e-09     1.23e-07  -1.51e-07   1.09e-07   3.23e-08  -1.81e-07  -8.18e-08     9.23e-08   9.14e-08   7.25e-08   8.21e-08   7.41e-08  -6.76e-08           3.7        89.0      18.459       0.974         184.4        90.6      83.560       0.994         123.6        71.9       6e+01       0.992         324.0         7.1         0.7       0.713
000105:  2019-06-02T08:35:37  2019-06-02T08:36:02         0         1         0        938       -942     -11575     1.09e-08  -1.04e-08  -1.34e-07  -8.25e-08   2.37e-08   1.05e-07     -6.7e-08   5.51e-08   7.49e-07   4.66e-07   1.38e-07  -5.88e-07    -1.51e-07   1.77e-07   1.65e-06   1.13e-06  -1.37e-07  -1.27e-06    -3.23e-07   4.05e-07  -8.72e-07  -5.37e-07   6.44e-07   5.49e-07          77.0       127.2     174.742       0.997         257.6        53.3     831.485       0.999         259.0        53.8       2e+02       0.997         270.0       104.2         0.1       0.553
000106:  2019-06-02T08:35:52  2019-06-02T08:36:17         1         1         1        977        515     -11648     1.13e-08    5.7e-09  -1.35e-07  -8.28e-08   2.36e-08   1.06e-07    -6.99e-08   2.63e-08   7.41e-07    4.6e-07  -1.06e-07  -5.84e-07     -1.7e-07   1.33e-07   1.88e-06   1.24e-06  -1.84e-07  -1.45e-06     1.44e-07   9.92e-08  -1.64e-07  -1.22e-07   9.55e-08   1.57e-07          78.3       127.5     419.308       0.999         259.6        53.3     262.644       0.998         260.5        51.9       1e+04       1.000          84.1       132.5        -0.2       0.373
000107:  2019-06-02T08:37:03  2019-06-02T08:37:28         1         1         1      -1298        615        778     -1.5e-08    6.8e-09   8.99e-09  -2.34e-09   1.09e-08   -1.4e-08     7.23e-08  -4.23e-08  -5.99e-08  -2.14e-08  -6.04e-08   7.06e-08     2.29e-07   4.74e-08  -9.11e-07  -5.67e-07   1.33e-07   7.16e-07    -1.17e-07  -9.03e-08   1.09e-07   9.35e-08  -8.35e-08  -1.04e-07         312.8        92.4      22.442       0.979         166.2        96.2       1.434       0.795          66.8       142.5       7e+02       0.999         284.0        21.1       -0.05       0.475
000108:  2019-06-02T08:41:41  2019-06-02T08:42:06         1         1         1       -948       2959      -2068     -1.1e-08   3.27e-08  -2.39e-08    1.8e-09   3.42e-08   1.93e-08      4.9e-08  -1.67e-07   1.27e-07  -8.76e-09  -1.75e-07  -1.01e-07        7e-08  -4.04e-07   2.91e-07  -3.95e-08  -3.86e-07  -2.66e-07     9.47e-08   8.75e-08  -9.43e-08   9.57e-08   6.98e-08   9.12e-08          28.5        88.8     186.676       0.997         210.6        93.6     443.813       0.999         225.4        95.6       1e+03       1.000           1.9         5.4         0.3       0.628
000109:  2019-06-02T08:43:26  2019-06-02T08:43:51         0         1         1       -323        733       -666    -3.75e-09   8.11e-09   -7.7e-09  -2.25e-09   8.51e-09   6.33e-09    -2.03e-08  -4.53e-08   2.35e-08  -7.37e-09   -4.7e-08   -2.9e-08     7.28e-08  -1.78e-07   6.04e-08   7.82e-08  -1.82e-07  -4.08e-08     1.47e-07   1.06e-07   -1.1e-07   1.13e-07   1.01e-07   1.33e-07          25.5        91.6       8.905       0.950         165.6        91.8       9.760       0.954         195.0        68.2       1e+03       0.999         128.1        83.3         0.2       0.574
000110:  2019-06-02T08:43:55  2019-06-02T08:44:20         1         0         0       -428       -292        290    -4.97e-09  -3.23e-09   3.36e-09  -1.98e-09   4.25e-09  -4.54e-09      2.5e-08  -1.68e-08   1.64e-08    1.4e-08  -2.51e-08   9.84e-09     6.64e-08   1.51e-07  -3.65e-08   4.92e-08   1.43e-07   3.48e-08    -1.24e-07  -1.01e-07  -1.29e-07      1e-07  -8.36e-08  -1.18e-07         319.6       100.6       1.035       0.754         171.7        72.3       2.430       0.854           6.7        76.4       2e+03       1.000         301.6        80.8        0.07       0.534
000111:  2019-06-02T08:44:44  2019-06-02T08:45:09         0         1         1        295        927       -976     3.42e-09   1.03e-08  -1.13e-08   2.27e-09   8.97e-09   1.13e-08    -7.31e-09   -3.6e-08   4.38e-08  -6.46e-09  -3.34e-08  -4.15e-08    -4.63e-08  -2.15e-07   1.25e-07  -4.66e-08  -1.95e-07  -1.24e-07    -1.76e-07    1.2e-07   -1.2e-07   1.04e-07   1.16e-07    1.5e-07          51.0        89.8      14.234       0.967         224.1        91.0      16.539       0.971         202.6       104.4       3e+03       1.000         125.6        88.5         0.1       0.558
000112:  2019-06-02T08:46:06  2019-06-02T08:46:31         0         1         0        276       -748       -235      3.2e-09  -8.28e-09  -2.73e-09  -5.56e-09  -6.38e-09   3.31e-09    -1.47e-08   5.51e-08  -1.47e-08    2.9e-08    4.3e-08    2.1e-08    -2.31e-08   1.87e-07  -5.61e-08   8.97e-08   1.53e-07    6.7e-08     1.83e-07   1.13e-07   1.39e-07   9.36e-08  -1.19e-07   1.49e-07         199.9       131.2       5.083       0.918          44.7        59.3      13.956       0.967          18.2        32.3       4e+01       0.989         126.6        88.1         0.1       0.550
000113:  2019-06-02T08:48:02  2019-06-02T08:48:27         0         0         1       -250       -275        332     -2.9e-09  -3.05e-09   3.84e-09   2.62e-09   3.66e-09  -3.84e-09    -1.11e-08   5.38e-09   1.63e-08   4.34e-09   6.49e-09  -1.79e-08     1.28e-07  -4.24e-08  -2.26e-07  -6.52e-08  -2.86e-08   2.37e-07    -1.77e-07  -1.29e-07  -1.73e-07  -1.17e-07   1.51e-07   1.89e-07         249.3        85.7       0.178       0.575         291.8        73.6      10.032       0.955          88.8        97.5       1e+03       1.000         126.4        93.8         0.1       0.553
000114:  2019-06-02T08:50:20  2019-06-02T08:50:45         1         1         1        984        711      -5342     1.14e-08   7.87e-09  -6.17e-08  -3.02e-08   1.26e-08   5.28e-08    -5.46e-08  -5.06e-08   3.31e-07   1.69e-07  -6.89e-08   -2.8e-07    -1.86e-07  -1.86e-07    8.7e-07    3.4e-07  -2.08e-07  -7.81e-07     1.39e-07   9.56e-08  -1.32e-07  -1.08e-07   1.02e-07   1.74e-07          78.9       119.9     134.828       0.996         259.7        58.5      46.627       0.990         251.8        65.0       1e+03       1.000         112.9       167.2        -0.2       0.359
000115:  2019-06-02T08:50:29  2019-06-02T08:50:54         0         1         0       -322        499        573    -3.74e-09   5.52e-09   6.62e-09   5.69e-09   4.02e-09  -6.42e-09    -4.22e-08  -4.96e-08   2.97e-07   1.42e-07  -6.95e-08  -2.51e-07    -1.56e-07  -1.73e-07   6.61e-07   2.27e-07  -1.73e-07  -6.07e-07     1.34e-07   9.97e-08  -1.51e-07  -9.94e-08   8.57e-08   1.72e-07         326.5        51.6       0.087       0.540         254.2        62.4     183.830       0.997         250.7        67.3       9e+03       1.000          95.3       178.4       -0.07       0.463
000116:  2019-06-02T08:57:27  2019-06-02T08:57:52         0         0         1        304       -259        836     3.53e-09  -2.87e-09   9.67e-09   6.78e-09   3.76e-09  -7.25e-09    -1.07e-08   -5.1e-09   3.45e-08  -1.87e-08  -8.36e-09  -2.86e-08     -8.9e-08  -1.28e-07  -1.21e-07  -2.28e-07  -6.37e-08  -9.37e-08     1.37e-07    1.1e-07   2.42e-07   1.73e-07   1.03e-07  -1.77e-07         256.8        59.3       1.885       0.827         264.2       119.3       9.500       0.952         249.6       157.1       2e+02       0.997         271.9        80.9         0.7       0.697
000117:  2019-06-02T08:57:34  2019-06-02T08:57:59         0         0         1        299        281        855     3.47e-09   3.11e-09   9.89e-09   6.88e-09   4.05e-09  -7.45e-09       -1e-08  -1.26e-08   4.06e-08   2.11e-08  -1.88e-08   -3.1e-08    -9.42e-08   -1.4e-07  -1.17e-07  -2.35e-07  -5.59e-08  -6.97e-08     1.31e-07   1.05e-07   2.37e-07   1.59e-07   9.82e-08  -1.77e-07         257.2        64.0       1.354       0.788         252.0        53.7      20.503       0.977         250.9       164.7       2e+02       0.998         276.4        85.8         0.5       0.677
000118:  2019-06-02T08:57:42  2019-06-02T08:58:07         0         0         1       -253        294       -543    -2.94e-09   3.25e-09  -6.28e-09  -3.42e-09   4.11e-09   5.91e-09    -9.12e-09   -1.1e-08   4.09e-08   2.31e-08  -1.82e-08  -3.04e-08    -9.64e-08   -1.5e-07  -1.17e-07  -2.46e-07  -4.69e-08  -3.67e-08     1.37e-07      1e-07   1.05e-07   9.21e-08   9.32e-08   1.26e-07          62.8       103.9       0.803       0.723         220.2        50.5       9.969       0.954          90.3       171.6       5e+02       0.999         118.7        87.7         0.9       0.741
000119:  2019-06-02T08:57:54  2019-06-02T08:58:19         0         0         1       -278        293       1078    -3.23e-09   3.24e-09   1.25e-08   7.54e-09   4.16e-09  -9.64e-09     8.03e-09   -8.9e-09   4.36e-08   2.72e-08  -1.78e-08  -3.14e-08    -9.49e-08  -1.64e-07   -1.6e-07  -2.83e-07  -4.03e-08   3.49e-08     1.21e-07   8.63e-08   2.84e-07   2.15e-07      1e-07   1.95e-07         242.1        61.8       0.311       0.619         238.7        64.2       8.644       0.948         102.5       171.9       1e+03       1.000         110.5        87.6         0.4       0.651
000120:  2019-06-02T08:58:19  2019-06-02T08:58:44         0         0         1        325        255       1141     3.78e-09   2.82e-09   1.32e-08    1.1e-08  -4.14e-09  -9.13e-09    -1.19e-08   4.96e-09  -1.55e-07  -1.09e-07   2.82e-08   1.13e-07    -1.11e-07  -1.92e-07  -2.33e-07  -3.63e-07  -4.68e-08  -9.83e-08     1.54e-07   1.02e-07  -2.95e-07  -2.09e-07  -1.08e-07   2.11e-07         264.2        50.1       3.563       0.890          76.2       134.0     169.910       0.997         266.9       162.3       5e+02       0.999         115.5        95.6         0.5       0.663
000121:  2019-06-02T08:58:29  2019-06-02T08:58:54         0         0         1       -283       -310      -1860    -3.28e-09  -3.43e-09  -2.15e-08  -1.46e-08   6.08e-09   1.67e-08    -1.08e-08   6.29e-09  -1.57e-07  -1.08e-07   2.97e-08   1.15e-07    -1.09e-07  -2.08e-07   2.28e-07  -3.62e-07  -6.62e-08  -1.32e-07     1.46e-07   1.08e-07  -2.88e-07   2.13e-07   1.08e-07   2.03e-07          76.2       130.2      26.858       0.982          76.1       130.8     240.456       0.998         268.1       159.7       7e+02       0.999         101.3        81.2         0.3       0.616
000122:  2019-06-02T08:58:50  2019-06-02T08:59:15         0         0         1       -253       -245      -1898    -2.94e-09  -2.71e-09  -2.19e-08   -1.5e-08   6.37e-09   1.69e-08    -3.07e-09  -6.77e-09    7.2e-08   4.63e-08  -1.43e-08  -5.48e-08    -9.93e-08  -2.32e-07   2.64e-07   2.77e-07  -1.19e-07  -1.43e-07     1.35e-07   9.74e-08   1.67e-07   1.42e-07   -1.2e-07  -1.37e-07          74.4       129.2      27.514       0.982         254.8        49.4     214.991       0.998         328.6         9.8       3e+03       1.000         301.2        88.0         0.7       0.714
000123:  2019-06-02T08:58:58  2019-06-02T08:59:23         0         0         1       -267        228        729     -3.1e-09   2.53e-09   8.43e-09   4.92e-09   3.69e-09   6.48e-09     3.34e-09  -1.08e-08  -5.06e-08  -3.34e-08   1.33e-08   3.74e-08    -9.69e-08  -2.37e-07   2.61e-07   2.88e-07  -1.27e-07  -1.42e-07     1.32e-07   1.09e-07   1.79e-07   1.56e-07   1.14e-07  -1.45e-07          71.3        55.4       5.001       0.917          75.3       131.4      21.651       0.978         337.7        10.9       8e+02       0.999         300.4        84.8         0.7       0.711
000124:  2019-06-02T08:59:07  2019-06-02T08:59:32         0         1         0        267        239        714      3.1e-09   2.65e-09   8.25e-09   4.79e-09   3.89e-09   6.56e-09    -7.24e-09  -1.09e-08  -4.99e-08  -3.26e-08   1.27e-08   3.71e-08    -9.44e-08  -2.45e-07   2.41e-07   2.87e-07  -1.37e-07   -1.4e-07     1.21e-07   9.45e-08   1.94e-07   1.47e-07   8.46e-08  -1.48e-07          68.6        53.0       2.837       0.870          78.6       129.5      19.073       0.975         182.0        13.3       3e+02       0.998         290.5        73.5         0.5       0.675
000125:  2019-06-02T08:59:13  2019-06-02T08:59:38         1         1         0        259        236       -603     3.01e-09   2.61e-09  -6.98e-09  -4.81e-09    3.9e-09   6.51e-09    -7.17e-09  -1.05e-08  -3.92e-08  -2.68e-08  -1.02e-08   2.98e-08     -9.2e-08  -2.49e-07   2.14e-07   2.77e-07  -1.44e-07  -1.41e-07     1.21e-07   8.88e-08  -1.36e-07   1.08e-07   7.62e-08   1.28e-07          58.2       122.0       0.631       0.693          90.9       131.9      19.632       0.976         199.2        16.4       5e+02       0.999         109.4        70.6         0.6       0.686
000126:  2019-06-02T08:59:43  2019-06-02T09:00:08         0         1         0       -271        272        355    -3.15e-09   3.01e-09   4.11e-09    3.1e-09   3.39e-09  -4.64e-09     6.19e-09  -1.12e-08   1.79e-08   -8.8e-09  -9.75e-09  -1.76e-08    -8.99e-08  -2.49e-07   9.32e-08   2.43e-07  -1.37e-07  -9.62e-08     1.48e-07   1.12e-07   1.31e-07   1.08e-07    1.2e-07   1.42e-07         241.1        86.5       1.025       0.753         264.6       109.0      14.841       0.968         209.1        25.8       3e+03       1.000         130.7        83.0           2       0.818
000127:  2019-06-02T08:59:50  2019-06-02T09:00:15         0         1         0       -245        271        364    -2.84e-09      3e-09   4.22e-09    2.9e-09   3.49e-09   -4.8e-09     6.76e-09  -1.44e-08  -1.44e-08  -1.25e-08  -9.74e-09  -1.21e-08    -8.88e-08  -2.42e-07   8.38e-08   2.46e-07  -1.28e-07  -8.01e-08     1.39e-07   1.31e-07   1.41e-07   1.15e-07   1.22e-07  -1.38e-07         241.7        88.0       0.944       0.743         267.6       114.8       3.342       0.885         206.7        25.5       6e+03       1.000         307.2        81.7           1       0.769
000128:  2019-06-02T08:59:57  2019-06-02T09:00:22         1         0         0       -258        253        301       -3e-09   2.81e-09   3.49e-09  -2.33e-09    3.1e-09  -4.34e-09     7.35e-09  -1.62e-08  -1.28e-08  -1.12e-08  -1.22e-08  -1.17e-08    -9.29e-08  -2.36e-07   6.72e-08  -2.45e-07  -1.19e-07  -7.45e-08     1.41e-07   1.31e-07   1.26e-07   1.17e-07   1.14e-07  -1.35e-07         254.2        91.8       0.520       0.671         258.3        96.2       3.806       0.896         207.1       154.0       5e+03       1.000         301.8        76.0         0.6       0.685
000129:  2019-06-02T09:00:03  2019-06-02T09:00:28         0         1         0       -258       -388        299    -2.99e-09   -4.3e-09   3.46e-09  -3.01e-09  -4.29e-09  -4.41e-09     7.74e-09  -1.59e-08  -1.24e-08   1.47e-08  -1.23e-08  -1.17e-08    -9.88e-08  -2.26e-07   5.76e-08  -2.48e-07  -1.07e-07  -6.98e-08     1.51e-07   1.19e-07   1.36e-07   1.12e-07   -1.2e-07  -1.44e-07         236.6        94.2       0.506       0.668         134.1        41.8       0.300       0.616         208.7       153.7       4e+03       1.000         300.4        68.6         0.4       0.654
000130:  2019-06-02T09:00:35  2019-06-02T09:01:00         0         1         0        275       -263        193     3.19e-09  -2.91e-09   2.24e-09   -1.7e-09    3.3e-09   2.99e-09     8.26e-09  -8.18e-09  -3.71e-09   5.12e-09  -9.19e-09   5.98e-09    -1.31e-07   2.24e-07  -7.24e-08  -2.78e-07   1.22e-07  -6.03e-08      1.3e-07    1.2e-07   1.26e-07   1.35e-07  -1.08e-07   1.39e-07         356.5        95.9      -0.004       0.498         166.0        65.2       1.179       0.770          31.4       155.6       4e+03       1.000         130.4        43.2         0.5       0.673
000131:  2019-06-02T09:00:42  2019-06-02T09:01:07         0         1         0        267       -314        206      3.1e-09  -3.47e-09   2.39e-09  -1.98e-09  -3.92e-09   3.03e-09    -8.17e-09   1.61e-08  -9.55e-09  -3.79e-09   1.81e-08   6.44e-09    -1.41e-07   2.17e-07  -7.96e-08  -2.89e-07   1.15e-07  -6.27e-08     1.41e-07   1.18e-07   1.25e-07   1.42e-07  -1.24e-07   1.39e-07         189.5       105.7      -0.056       0.470          14.1        96.4       8.881       0.949          33.6       157.1       3e+03       1.000         131.0        52.6         0.5       0.672
000132:  2019-06-02T09:01:02  2019-06-02T09:01:27         0         0         1        278       -311       -239     3.22e-09  -3.44e-09  -2.77e-09   2.29e-09  -3.46e-09   2.88e-09    -1.04e-08   1.28e-08   1.34e-08  -4.37e-09   1.53e-08  -1.52e-08    -1.59e-07   2.18e-07  -9.73e-08  -3.14e-07   1.06e-07   7.56e-08      1.7e-07   1.44e-07   1.56e-07    1.5e-07   1.35e-07  -1.48e-07         192.5        89.4      -0.089       0.451          51.8        96.6      16.353       0.971          40.4       159.3       6e+03       1.000         309.6        41.3         0.6       0.691
000133:  2019-06-02T09:01:25  2019-06-02T09:01:50         0         1         1        239       -263        333     2.77e-09  -2.91e-09   3.85e-09   2.53e-09  -3.11e-09  -3.44e-09     9.92e-09  -2.07e-08  -2.06e-08  -1.24e-08  -1.87e-08   1.89e-08     -1.6e-07   2.43e-07  -1.33e-07  -3.41e-07   1.25e-07   7.32e-08     9.16e-08   1.27e-07   1.15e-07   1.61e-07   6.97e-08   8.96e-08         211.5        73.1       0.358       0.632          54.0        92.4       3.342       0.885          31.2       161.2       1e+03       1.000         133.2        19.0           3       0.865
000134:  2019-06-02T09:01:35  2019-06-02T09:02:00         0         1         1       -215       -268        296     -2.5e-09  -2.97e-09   3.42e-09   -2.5e-09  -2.87e-09  -3.34e-09     1.09e-08   -2.1e-08  -2.36e-08  -1.45e-08  -1.88e-08   2.15e-08    -1.72e-07   2.41e-07  -1.55e-07  -3.52e-07   1.23e-07   7.23e-08     1.12e-07   1.23e-07   1.57e-07   1.86e-07   8.87e-08   9.92e-08         250.3       114.2       0.612       0.690         173.4       124.4       2.339       0.850          31.9       164.5       3e+03       1.000         132.6        19.9           2       0.852
000135:  2019-06-02T09:01:46  2019-06-02T09:02:11         0         1         1        216       -214       -365     2.51e-09  -2.37e-09  -4.22e-09  -3.28e-09  -2.29e-09   3.63e-09    -1.02e-08   7.23e-09   3.96e-08   2.33e-08   6.86e-09  -3.37e-08     -1.9e-07   2.32e-07  -1.69e-07  -3.66e-07   1.13e-07   8.99e-08     1.01e-07   1.28e-07   1.52e-07   1.68e-07  -8.86e-08  -1.11e-07          62.7       123.9       0.573       0.682         274.9        63.8      35.423       0.986          42.4       165.9       3e+03       1.000         310.6        21.4           2       0.851
000136:  2019-06-02T09:01:57  2019-06-02T09:02:22         0         1         1        235       -216        483     2.73e-09  -2.39e-09   5.59e-09   4.26e-09  -2.07e-09   4.38e-09    -9.51e-09   4.74e-09   4.96e-08   2.78e-08   -5.5e-09  -4.14e-08    -2.04e-07   2.29e-07  -2.05e-07     -4e-07   1.11e-07   1.23e-07     1.26e-07   1.18e-07  -2.79e-07  -2.21e-07  -9.14e-08   2.08e-07          83.3        62.5       0.898       0.737         261.6        59.5      77.634       0.994          52.5       166.1       6e+03       1.000         126.3       157.9           2       0.824
000137:  2019-06-02T09:02:28  2019-06-02T09:02:53         0         0         1       -224        200       1482     -2.6e-09   2.22e-09   1.71e-08   1.13e-08   3.33e-09   -1.3e-08     8.62e-09    9.6e-09   7.65e-08   5.58e-08  -1.83e-08   -5.7e-08    -2.12e-07   2.23e-07  -3.91e-07  -5.36e-07   1.07e-07   1.71e-07      1.1e-07   1.34e-07   5.47e-07   4.61e-07   1.05e-07  -3.57e-07         254.1        47.8      23.237       0.979         257.8        43.3      88.800       0.994          32.2       174.3       4e+03       1.000         293.0        21.8           2       0.847
000138:  2019-06-02T09:02:50  2019-06-02T09:03:15         0         0         1       -199       -188       1170    -2.31e-09  -2.08e-09   1.35e-08   9.42e-09  -2.93e-09     -1e-08    -7.06e-09    5.5e-09   7.83e-08   5.38e-08  -1.42e-08  -5.87e-08    -2.32e-07   2.13e-07   -5.5e-07  -6.56e-07   1.02e-07    2.5e-07     1.28e-07   1.37e-07   3.77e-07   2.99e-07   1.04e-07  -2.64e-07         262.2        48.3      21.286       0.978         258.2        46.9     350.384       0.999          78.6       171.2       4e+02       0.999         302.1        17.9           2       0.854
000139:  2019-06-02T09:04:39  2019-06-02T09:05:04         0         1         1       -240       -231       -293    -2.79e-09  -2.56e-09   -3.4e-09  -1.66e-09    2.6e-09   3.27e-09     1.31e-08   1.76e-08  -9.85e-09   5.21e-09   2.15e-08   7.62e-09     2.52e-07  -2.88e-07   4.49e-07   5.87e-07  -1.01e-07  -1.62e-07      1.8e-07   1.94e-07   2.41e-07   2.33e-07   1.25e-07  -1.71e-07          64.3        94.4       0.251       0.600         351.5        80.8      14.530       0.968         250.6        11.0       7e+03       1.000         310.3        14.1           5       0.915
000140:  2019-06-02T09:05:08  2019-06-02T09:05:33         1         0         0        224        316       -284      2.6e-09    3.5e-09  -3.28e-09    2.2e-09   3.42e-09   4.22e-09    -9.76e-09   2.07e-08   1.69e-08   5.72e-09   2.07e-08   -1.7e-08     2.61e-07  -3.44e-07   4.17e-07   5.84e-07  -9.97e-08   -1.3e-07    -1.34e-07  -1.51e-07  -1.76e-07   2.37e-07  -8.37e-08    1.1e-07          40.1        68.1       0.682       0.703          60.1        86.9       3.618       0.892         264.8         7.5       3e+03       1.000         129.1        12.8       1e+01       0.963
000141:  2019-06-02T09:08:23  2019-06-02T09:08:48         0         0         1        189       -165        176     2.19e-09  -1.83e-09   2.04e-09  -2.19e-09   -2.3e-09  -2.08e-09    -3.55e-09   9.39e-09  -4.14e-09  -8.06e-09   6.77e-09   5.81e-09     2.64e-07   3.67e-07  -3.11e-07   6.32e-07    7.1e-08   2.16e-08     1.71e-07   1.83e-07   1.94e-07   2.96e-07  -8.21e-08  -1.21e-07         174.3       137.6      -0.251       0.332          37.5       134.4       9.798       0.954         348.0         5.4       4e+04       1.000         312.6        11.4       2e+01       0.971
000142:  2019-06-02T09:10:48  2019-06-02T09:11:13         0         0         1        177        114        201     2.05e-09   1.26e-09   2.33e-09   1.37e-09  -1.65e-09  -2.18e-09    -3.81e-09   1.11e-08  -6.03e-09   8.06e-09   7.69e-09   6.53e-09    -2.95e-07   3.47e-07   3.82e-07   6.83e-07   3.34e-08  -6.13e-08    -1.45e-07  -1.93e-07  -2.05e-07  -3.15e-07  -7.61e-08   9.86e-08         224.0        58.0       0.939       0.742          40.7        47.0       3.344       0.885         295.5         5.0       1e+05       1.000         132.5       169.8       5e+01       0.990
000143:  2019-06-02T09:11:01  2019-06-02T09:11:26         0         1         0        124        151        158     1.45e-09   1.67e-09   1.83e-09  -1.26e-09   1.43e-09  -2.15e-09     5.49e-09  -6.26e-09  -9.29e-09   8.53e-09   6.14e-09   7.79e-09       -3e-07   3.49e-07   3.91e-07    6.9e-07   3.28e-08  -6.81e-08     1.28e-07  -1.92e-07  -2.12e-07  -3.12e-07   6.17e-08   8.42e-08         243.0       111.2       0.368       0.635          36.6        48.1       2.100       0.839         294.5         5.0       7e+04       1.000         131.8       169.9       5e+01       0.991
000144:  2019-06-02T09:11:08  2019-06-02T09:11:33         0         0         1       -146        145        134    -1.69e-09   1.61e-09   1.55e-09   1.18e-09   1.53e-09  -2.16e-09     4.12e-09   -4.9e-09  -1.28e-08  -8.77e-09  -5.76e-09   8.95e-09    -3.04e-07    3.5e-07   3.95e-07   6.95e-07   3.17e-08  -6.94e-08      1.5e-07  -1.86e-07  -2.03e-07  -3.13e-07   6.74e-08  -9.35e-08         226.0        86.5      -0.020       0.490          50.7       136.6       6.321       0.932         298.0         4.8       8e+04       1.000         311.7       169.9       6e+01       0.992
000145:  2019-06-02T09:11:25  2019-06-02T09:11:50         0         1         0        147        -90       -104     1.71e-09  -9.96e-10  -1.21e-09   1.42e-09  -1.39e-09   1.34e-09    -3.42e-09  -9.75e-09   6.28e-09  -9.28e-09  -6.79e-09  -4.17e-09    -3.12e-07   3.51e-07      4e-07   7.06e-07   2.58e-08  -6.64e-08    -1.38e-07  -1.86e-07   1.95e-07  -3.16e-07  -6.31e-08   7.16e-08         147.6        33.8       0.222       0.591         150.1       138.7      57.928       0.992         298.6         4.1       9e+04       1.000         132.2       170.0       1e+02       0.995
000146:  2019-06-02T09:11:56  2019-06-02T09:12:21         0         0         1        118       -107       -153     1.37e-09  -1.18e-09  -1.78e-09   1.36e-09  -1.06e-09    1.8e-09     2.96e-09  -4.44e-09  -8.72e-09  -1.05e-08  -1.42e-09   5.02e-09     -3.1e-07   3.62e-07   4.02e-07   7.27e-07  -2.76e-08  -5.73e-08    -1.37e-07  -1.83e-07  -2.03e-07  -3.16e-07  -6.12e-08   7.83e-08         101.0        49.3      -0.023       0.488          83.2       153.6      37.701       0.987         306.0         3.5       8e+04       1.000         131.5       170.2       7e+01       0.993
000147:  2019-06-02T09:12:09  2019-06-02T09:12:34         0         0         1        142         95       -152     1.65e-09   1.05e-09  -1.76e-09   1.86e-09    1.3e-09   1.47e-09    -3.48e-09  -5.89e-09   9.25e-09  -1.01e-08  -2.47e-09  -6.55e-09     3.18e-07    3.7e-07   3.95e-07   7.35e-07  -2.94e-08  -4.47e-08     1.27e-07  -1.86e-07  -2.09e-07  -3.23e-07   5.71e-08   6.77e-08          19.9        38.5       0.812       0.724         297.0       156.1      57.264       0.991         314.4         3.2       1e+05       1.000         131.8       170.2       9e+01       0.994


#   +----------------------------------------------------------------------------------------------------------------------------------------------------+
#   | Data path:           /home/scholz/Drive/JOHNS_WORK/programming/python/Seisglitch/Example/XB.EYLSE.02.BH?_RAW_20190601T122411-20190602T182247.mseed |
#   | Data IDs:            XB.ELYSE.02.BHU, XB.ELYSE.02.BHV, XB.ELYSE.02.BHW                                                                             |
#   | Data start:          2019-06-02T00:23:37.619000Z                                                                                                   |
#   | Data end:            2019-06-02T09:23:12.369000Z                                                                                                   |
#   | Data length:         8:59:34 (h:m:s)                                                                                                               |
#   | Data SPS:            20.0Hz (0.05s)                                                                                                                |
#   |                                                                                                                                                    |
#   | Step window length:  80 samples                                                                                                                    |
#   | Acceleration filter: 3: <1 Hz (0-phase=True)                                                                                                       |
#   | Threshold:           1e-07                                                                                                                         |
#   | Glitches' min dist:  5s                                                                                                                            |
#   | Glitch length (fix): 25s                                                                                                                           |
#   | Glitches ALL:        147                                                                                                                           |
#   |         on U:        58                                                                                                                            |
#   |         on V:        74                                                                                                                            |
#   |         on W:        78                                                                                                                            |
#   |    only on U:        24                                                                                                                            |
#   |    only on V:        33                                                                                                                            |
#   |    only on W:        37                                                                                                                            |
#   |                                                                                                                                                    |
#   | Done in:             0:01:18 (h:m:s).                                                                                                              |
#   | Timestamp:           2020-01-10T10:04:17                                                                                                           |
#   +----------------------------------------------------------------------------------------------------------------------------------------------------+
