#    0                    1                    2              3              4           5         6         7             8          9         10           11         12         13         14         15         16            17              18              19              20              21          22
#  NUM         GLITCH-UTC-S         GLITCH-UTC-E  GLITCH-LMST-S  GLITCH-LMST-E    U-GLITCH  V-GLITCH  W-GLITCH         U-RAW      V-RAW      W-RAW        U-GAI      V-GAI      W-GAI      Z-GAI      N-GAI      E-GAI    AZI_3D_GAI  AZI_ERR_3D_GAI      INC_3D_GAI  INC_ERR_3D_GAI      SNR_3D_GAI  POL_3D_GAI
# --------------------------------------------------------------------------------------------------------------------------------------------------------------------------------------------------------------------------------------------------------------------------------------------------------------
000001  2019-05-22T23:31:39  2019-05-22T23:32:04   173M00:11:52   173M00:12:16           0         1         1           144       1039       1430     5.41e-09   1.29e-08   1.58e-08   5.41e-09   1.29e-08   1.58e-08          50.2             3.9           101.4             4.2            73.5       0.993
000002  2019-05-22T23:47:03  2019-05-22T23:47:28   173M00:26:51   173M00:27:16           1         1         1          1901        702      12560     8.97e-08   1.29e-08   1.18e-07   8.97e-08   1.29e-08   1.18e-07          84.3             0.8           127.2             1.2        1.46e+03       1.000
000003  2019-05-22T23:48:53  2019-05-22T23:49:18   173M00:28:38   173M00:29:03           1         0         1          1063        237       1075     3.38e-09   4.94e-09   1.78e-08   3.38e-09   4.94e-09   1.78e-08         102.1             4.7            85.2             4.9            29.2       0.983
000004  2019-05-23T00:00:48  2019-05-23T00:01:13   173M00:40:14   173M00:40:39           0         0         1           285        203       5258     4.11e-08   1.18e-08   4.71e-08   4.11e-08   1.18e-08   4.71e-08          77.8             1.2           130.3             1.4             528       0.999
000005  2019-05-23T00:05:46  2019-05-23T00:06:11   173M00:45:04   173M00:45:28           0         1         1            98        669        617     2.18e-09   8.77e-09   7.61e-09   2.18e-09   8.77e-09   7.61e-09          42.7             7.0            90.5             7.4            29.8       0.984
000006  2019-05-23T00:18:57  2019-05-23T00:19:22   173M00:57:54   173M00:58:18           1         0         1          1435        201       1778      3.1e-09   6.57e-09   2.52e-08    3.1e-09   6.57e-09   2.52e-08         280.1             3.4            87.5             3.5            93.5       0.995
000007  2019-05-23T00:38:09  2019-05-23T00:38:34   173M01:16:35   173M01:17:00           1         1         1          4498       6752       2237     3.16e-08   7.94e-08   3.43e-08   3.16e-08   7.94e-08   3.43e-08         160.1             1.7           110.0             1.9            69.4       0.993
000008  2019-05-23T01:00:04  2019-05-23T01:00:29   173M01:37:55   173M01:38:19           1         1         1           824        897       7659     5.05e-08   2.29e-08   7.53e-08   5.05e-08   2.29e-08   7.53e-08          75.7             2.8           123.0             3.1             187       0.997
000009  2019-05-23T01:28:43  2019-05-23T01:29:08   173M02:05:48   173M02:06:12           1         0         1          1418        202       1292     1.26e-08   1.21e-08   2.42e-08   1.26e-08   1.21e-08   2.42e-08         109.9             7.9            89.1            12.0              12       0.962
000010  2019-05-23T01:40:33  2019-05-23T01:40:58   173M02:17:19   173M02:17:43           1         0         1          1199        586       7685     4.95e-08    2.2e-08    7.7e-08   4.95e-08    2.2e-08    7.7e-08          78.6             1.5           122.6             1.6             416       0.999
000011  2019-05-23T01:41:04  2019-05-23T01:41:29   173M02:17:49   173M02:18:13           1         0         1          1380        390       1255      4.7e-09   6.43e-09   2.27e-08    4.7e-09   6.43e-09   2.27e-08          99.5             5.0            83.7             5.1            28.6       0.983
000012  2019-05-23T02:08:17  2019-05-23T02:08:42   173M02:44:19   173M02:44:43           0         1         1           423        898       1365     9.77e-09   1.39e-08   1.39e-08   9.77e-09   1.39e-08   1.39e-08          45.1             8.3           115.2             8.7            20.5       0.977
000013  2019-05-23T02:17:23  2019-05-23T02:17:48   173M02:53:10   173M02:53:34           0         1         1           164        767       3481     2.62e-08   1.54e-08   3.59e-08   2.62e-08   1.54e-08   3.59e-08          65.8             3.0           123.6             5.7            72.1       0.993
000014  2019-05-23T02:21:05  2019-05-23T02:21:30   173M02:56:46   173M02:57:10           1         1         1          1017       1041       7512     4.58e-08   2.24e-08   7.42e-08   4.58e-08   2.24e-08   7.42e-08          75.9             1.4           120.6             1.5             502       0.999
000015  2019-05-23T02:23:16  2019-05-23T02:23:41   173M02:58:54   173M02:59:18           1         1         0          2441       1750        912     8.55e-09   2.95e-08   2.08e-08   8.55e-09   2.95e-08   2.08e-08         330.8             4.9            99.4             6.1            6.73       0.935
000016  2019-05-23T02:38:07  2019-05-23T02:38:32   173M03:13:21   173M03:13:45           1         1         1          1010       4200       2584     7.38e-09   4.73e-08    2.7e-08   7.38e-09   4.73e-08    2.7e-08          29.2             2.2            92.7             4.6             113       0.996
000017  2019-05-23T02:45:26  2019-05-23T02:45:51   173M03:20:28   173M03:20:52           0         1         1           204       1022        892     2.18e-09   1.25e-08   1.04e-08   2.18e-09   1.25e-08   1.04e-08          38.9             4.3            92.0             4.3            45.9       0.989
000018  2019-05-23T03:02:44  2019-05-23T03:03:09   173M03:37:18   173M03:37:42           0         0         1           239        106       1217     9.45e-09    3.6e-09    1.3e-08   9.45e-09    3.6e-09    1.3e-08          82.1             4.9           123.8             6.5            40.6       0.988
000019  2019-05-23T03:03:24  2019-05-23T03:03:49   173M03:37:57   173M03:38:21           0         0         1            69        264        607     7.27e-09   2.51e-09   5.59e-09   7.27e-09   2.51e-09   5.59e-09         272.3             8.0            33.4            10.8            11.6       0.960
000020  2019-05-23T03:04:04  2019-05-23T03:04:29   173M03:38:36   173M03:39:00           1         1         1          1056       1303       6956     3.98e-08   2.57e-08   6.86e-08   3.98e-08   2.57e-08   6.86e-08          74.1             1.0           117.4             1.5             408       0.999
000021  2019-05-23T03:19:03  2019-05-23T03:19:28   173M03:53:10   173M03:53:35           0         0         1           103        158        679     5.85e-09   4.28e-09    6.7e-09   5.85e-09   4.28e-09    6.7e-09         248.9             7.8            50.4             9.2            13.3       0.965
000022  2019-05-23T03:21:49  2019-05-23T03:22:14   173M03:55:52   173M03:56:16           1         1         1          2351       1641        853     1.85e-09   2.71e-08   1.98e-08   1.85e-09   2.71e-08   1.98e-08         146.0             1.9            90.2             1.9             247       0.998
000023  2019-05-23T03:29:40  2019-05-23T03:30:05   173M04:03:31   173M04:03:55           1         1         1          6210        930      21441     1.16e-07   3.21e-08   2.24e-07   1.16e-07   3.21e-08   2.24e-07          85.7             0.5           116.7             1.1             948       0.999
000024  2019-05-23T03:30:13  2019-05-23T03:30:38   173M04:04:03   173M04:04:27           1         0         1          1780        126       1584     3.06e-09   8.64e-09   2.58e-08   3.06e-09   8.64e-09   2.58e-08         105.8             2.2            86.3             2.3             176       0.997
000025  2019-05-23T03:38:45  2019-05-23T03:39:10   173M04:12:21   173M04:12:46           1         1         1          1299        900       4718     2.56e-08   1.81e-08   5.12e-08   2.56e-08   1.81e-08   5.12e-08          78.8             1.9           111.2             2.3             246       0.998
000026  2019-05-23T03:55:31  2019-05-23T03:55:56   173M04:28:40   173M04:29:04           0         0         1           155        339       1130     1.13e-08   5.74e-09   1.33e-08   1.13e-08   5.74e-09   1.33e-08         261.1             9.1            49.6            10.7            11.4       0.960
000027  2019-05-23T04:00:54  2019-05-23T04:01:19   173M04:33:54   173M04:34:19           1         1         1          3580       1631      10289      5.2e-08   2.31e-08   1.15e-07    5.2e-08   2.31e-08   1.15e-07          83.0             0.9           109.6             1.9             485       0.999
000028  2019-05-23T04:01:44  2019-05-23T04:02:09   173M04:34:43   173M04:35:08           0         0         1           258        455       2077     1.37e-08   9.41e-09    2.2e-08   1.37e-08   9.41e-09    2.2e-08          71.1             5.5           121.5             5.7            26.7       0.982
000029  2019-05-23T04:05:55  2019-05-23T04:06:20   173M04:38:47   173M04:39:12           1         1         1          4150      10364       2728     2.65e-08   1.17e-07   2.25e-08   2.65e-08   1.17e-07   2.25e-08         190.2             1.0           101.3             1.4             400       0.999
000030  2019-05-23T04:14:01  2019-05-23T04:14:26   173M04:46:41   173M04:47:05           0         1         0           254        636        923     5.75e-09   1.03e-08    1.5e-08   5.75e-09   1.03e-08    1.5e-08          56.0            11.9            95.9            12.5            5.74       0.926
000031  2019-05-23T04:15:56  2019-05-23T04:16:21   173M04:48:32   173M04:48:56           1         1         1         23723      17956       9000     2.91e-08   2.77e-07   1.89e-07   2.91e-08   2.77e-07   1.89e-07         146.5             1.1            93.3             1.1             488       0.999
000032  2019-05-23T04:17:31  2019-05-23T04:17:56   173M04:50:05   173M04:50:29           1         1         1          1429        832       6820     4.32e-08   1.78e-08   7.12e-08   4.32e-08   1.78e-08   7.12e-08          80.5             2.9           118.7             3.0             140       0.996
000033  2019-05-23T04:19:06  2019-05-23T04:19:31   173M04:51:38   173M04:52:02           0         0         1           636        663       1529      9.2e-09   1.08e-08   2.27e-08    9.2e-09   1.08e-08   2.27e-08          76.9            10.9           100.6            13.0            7.66       0.942
000034  2019-05-23T04:28:56  2019-05-23T04:29:21   173M05:01:11   173M05:01:36           0         0         1           409        744       1011      7.6e-09    1.1e-08    1.8e-08    7.6e-09    1.1e-08    1.8e-08          66.4            11.5            88.5            13.1             5.2       0.919
000035  2019-05-23T04:36:09  2019-05-23T04:36:34   173M05:08:13   173M05:08:38           0         0         1           576        277       1868     1.53e-08    7.8e-09    2.2e-08   1.53e-08    7.8e-09    2.2e-08         263.4             5.9            55.2             9.9              12       0.962
000036  2019-05-23T04:39:42  2019-05-23T04:40:07   173M05:11:40   173M05:12:04           1         0         1           990        337       1078     4.54e-09   6.75e-09   1.79e-08   4.54e-09   6.75e-09   1.79e-08          99.8             8.7            84.1             9.6            9.91       0.954
000037  2019-05-23T04:51:29  2019-05-23T04:51:54   173M05:23:08   173M05:23:32           0         0         1           154        361       2703     2.12e-08   1.06e-08   2.55e-08   2.12e-08   1.06e-08   2.55e-08          72.9             4.5           127.4             6.8            45.9       0.989
000038  2019-05-23T04:57:10  2019-05-23T04:57:35   173M05:28:40   173M05:29:04           1         1         1          2606       1464       5966     1.79e-08   1.16e-08   7.31e-08   1.79e-08   1.16e-08   7.31e-08          83.0             2.1           102.8             3.0             170       0.997
000039  2019-05-23T04:58:54  2019-05-23T04:59:19   173M05:30:22   173M05:30:46           1         0         1          6200        527      17738     9.07e-08   8.31e-09   1.93e-07   9.07e-08   8.31e-09   1.93e-07          88.6             1.2           115.0             1.8             553       0.999
000040  2019-05-23T05:10:11  2019-05-23T05:10:36   173M05:41:21   173M05:41:45           0         0         1           308        591        873     3.83e-09   8.22e-09   1.24e-08   3.83e-09   8.22e-09   1.24e-08          65.5            11.2            84.7            11.7            6.23       0.931
000041  2019-05-23T05:15:13  2019-05-23T05:15:38   173M05:46:14   173M05:46:38           1         1         1          3750       2592       3268     1.82e-08   4.08e-08   4.77e-08   1.82e-08   4.08e-08   4.77e-08         129.5             3.3           103.8             3.4            92.2       0.995
000042  2019-05-23T05:18:27  2019-05-23T05:18:52   173M05:49:23   173M05:49:47           0         0         1           254        458       1147        1e-08   8.89e-09   1.52e-08      1e-08   8.89e-09   1.52e-08          60.3            14.0           119.5            15.6             5.5       0.923
000043  2019-05-23T05:20:28  2019-05-23T05:20:53   173M05:51:21   173M05:51:45           0         0         1           249        415       1629      1.5e-08   8.65e-09   1.75e-08    1.5e-08   8.65e-09   1.75e-08          74.7            10.4           130.0            11.1            7.14       0.939
000044  2019-05-23T05:22:21  2019-05-23T05:22:46   173M05:53:11   173M05:53:35           1         1         1          3538       1260       8296     3.04e-08   1.03e-08   9.64e-08   3.04e-08   1.03e-08   9.64e-08          87.5             2.0           106.9             2.0             183       0.997
000045  2019-05-23T05:36:51  2019-05-23T05:37:16   173M06:07:18   173M06:07:42           1         1         1          2505       1276       6856      2.8e-08   1.51e-08   8.14e-08    2.8e-08   1.51e-08   8.14e-08          82.5             2.2           107.9             2.8             202       0.998
000046  2019-05-23T05:45:15  2019-05-23T05:45:40   173M06:15:28   173M06:15:52           0         0         1           509        813       1538     8.11e-09   1.14e-08   2.37e-08   8.11e-09   1.14e-08   2.37e-08          68.6             9.2            83.5            12.0            8.24       0.946
000047  2019-05-23T05:46:57  2019-05-23T05:47:22   173M06:17:08   173M06:17:32           1         0         1          1168        403        995     8.14e-09   1.06e-08   1.97e-08   8.14e-09   1.06e-08   1.97e-08         108.6            10.9           101.5            13.0            4.61       0.911
000048  2019-05-23T05:48:22  2019-05-23T05:48:47   173M06:18:30   173M06:18:55           0         1         1           847       1067       1647     7.35e-09   1.49e-08   2.48e-08   7.35e-09   1.49e-08   2.48e-08          73.5             8.2            88.1             8.6            8.54       0.948
000049  2019-05-23T05:53:08  2019-05-23T05:53:33   173M06:23:09   173M06:23:33           1         0         1          1363       1101       1809     1.05e-08   1.46e-08   3.32e-08   1.05e-08   1.46e-08   3.32e-08         264.2            11.4            89.9            12.1            5.42       0.922
000050  2019-05-23T05:54:46  2019-05-23T05:55:11   173M06:24:44   173M06:25:08           0         1         1           887       1241       2077     1.06e-08    1.8e-08   3.12e-08   1.06e-08    1.8e-08   3.12e-08          67.8            10.1            93.4            11.2            5.83       0.927
000051  2019-05-23T06:01:31  2019-05-23T06:01:56   173M06:31:18   173M06:31:42           1         1         1          1412        947      13650      1.1e-07   3.75e-08   1.37e-07    1.1e-07   3.75e-08   1.37e-07         258.9             4.3            50.3             5.8            52.4       0.991
000052  2019-05-23T06:01:50  2019-05-23T06:02:15   173M06:31:36   173M06:32:00           0         0         1           925        738      12896     1.08e-07    3.9e-08   1.26e-07   1.08e-07    3.9e-08   1.26e-07         257.2             3.2            49.1             4.0             114       0.996
000053  2019-05-23T06:05:08  2019-05-23T06:05:33   173M06:34:49   173M06:35:13           1         0         0          1183       1005       1958     1.81e-08   1.88e-08   3.63e-08   1.81e-08   1.88e-08   3.63e-08          83.3            12.1            91.2            15.6            4.57       0.910
000054  2019-05-23T06:05:49  2019-05-23T06:06:14   173M06:35:29   173M06:35:54           1         0         1          1454       1538       2599     1.55e-08   2.08e-08   4.15e-08   1.55e-08   2.08e-08   4.15e-08          76.2             9.6            89.1            10.8            7.04       0.938
000055  2019-05-23T06:07:08  2019-05-23T06:07:33   173M06:36:46   173M06:37:10           1         1         0          1850       1219       2898     1.32e-08   2.33e-08   4.51e-08   1.32e-08   2.33e-08   4.51e-08          84.4             8.4            92.2             9.4            7.31       0.940
000056  2019-05-23T06:07:15  2019-05-23T06:07:40   173M06:36:52   173M06:37:17           0         0         1          1693       1313       2898     1.02e-08   2.44e-08   4.51e-08   1.02e-08   2.44e-08   4.51e-08          82.5             7.7            92.7             8.2            6.91       0.937
000057  2019-05-23T06:09:01  2019-05-23T06:09:26   173M06:38:36   173M06:39:00           0         0         1          1715       1071       2610     1.62e-08   2.28e-08   4.68e-08   1.62e-08   2.28e-08   4.68e-08          90.1            11.8            88.9            14.2            4.94       0.916
000058  2019-05-23T06:17:14  2019-05-23T06:17:39   173M06:46:35   173M06:47:00           1         1         1          1472       1316       2550     2.12e-08   1.89e-08   4.74e-08   2.12e-08   1.89e-08   4.74e-08          80.2            10.5            89.2            12.1            6.53       0.934
000059  2019-05-23T06:18:26  2019-05-23T06:18:51   173M06:47:46   173M06:48:10           1         1         1          1838       1733       3212     1.54e-08   2.92e-08   5.14e-08   1.54e-08   2.92e-08   5.14e-08          79.7             7.1            87.4             7.6            7.21       0.939
000060  2019-05-23T06:19:29  2019-05-23T06:19:54   173M06:48:47   173M06:49:11           1         0         1          1126       1014       2086     1.45e-08   1.62e-08   3.14e-08   1.45e-08   1.62e-08   3.14e-08          78.6            10.8            89.3            11.7            6.71       0.935
000061  2019-05-23T06:20:21  2019-05-23T06:20:46   173M06:49:37   173M06:50:02           1         0         0          1298        901       1938     1.05e-08   1.39e-08   3.27e-08   1.05e-08   1.39e-08   3.27e-08          85.9             9.7            93.8            10.7             7.2       0.939
000062  2019-05-23T06:26:10  2019-05-23T06:26:35   173M06:55:17   173M06:55:41           0         1         0          1589       1124       2557     1.54e-08   1.61e-08   3.89e-08   1.54e-08   1.61e-08   3.89e-08          84.3            10.1            91.8            11.9               6       0.929
000063  2019-05-23T06:26:15  2019-05-23T06:26:40   173M06:55:22   173M06:55:47           1         0         1          1589        999       2557     1.55e-08   1.74e-08   3.89e-08   1.55e-08   1.74e-08   3.89e-08          88.8            11.8            91.8            12.9            4.85       0.914
000064  2019-05-23T06:30:41  2019-05-23T06:31:06   173M06:59:41   173M07:00:05           1         0         1          2083       1142       3086     1.28e-08   2.04e-08   5.01e-08   1.28e-08   2.04e-08   5.01e-08          87.0             7.3            93.3             8.1            8.84       0.949
000065  2019-05-23T06:40:24  2019-05-23T06:40:49   173M07:09:09   173M07:09:33           0         1         1          1112       1042       2136     1.41e-08   1.79e-08   3.78e-08   1.41e-08   1.79e-08   3.78e-08          79.3            11.7            94.0            12.7            6.23       0.931
000066  2019-05-23T06:43:21  2019-05-23T06:43:46   173M07:12:01   173M07:12:25           1         0         1          1817        910       2726     1.58e-08   1.84e-08   4.46e-08   1.58e-08   1.84e-08   4.46e-08          91.5            10.7            88.5            12.5            6.31       0.932
000067  2019-05-23T06:45:15  2019-05-23T06:45:40   173M07:13:52   173M07:14:16           1         0         0          1030        975       1616     1.11e-08   1.45e-08      3e-08   1.11e-08   1.45e-08      3e-08          84.0            12.1            87.3            13.3            4.76       0.913
000068  2019-05-23T06:51:16  2019-05-23T06:51:41   173M07:19:43   173M07:20:08           1         0         0          4163       2607       1746     1.55e-08   5.24e-08   4.76e-08   1.55e-08   5.24e-08   4.76e-08         319.9             7.1            87.1             7.9            15.7       0.970
000069  2019-05-23T06:51:34  2019-05-23T06:51:59   173M07:20:00   173M07:20:25           1         1         1          3914       2428       1620     1.68e-08   4.98e-08   4.46e-08   1.68e-08   4.98e-08   4.46e-08         320.8            10.1            93.7            10.6            7.68       0.942
000070  2019-05-23T06:56:55  2019-05-23T06:57:20   173M07:25:13   173M07:25:38           0         0         1          1799        764       2133     1.89e-08   1.95e-08    4.3e-08   1.89e-08   1.95e-08    4.3e-08         274.3            11.7            87.5            13.9            5.58       0.924
000071  2019-05-23T07:12:05  2019-05-23T07:12:30   173M07:39:59   173M07:40:23           1         0         0          1706       1203      15027     1.37e-07   5.68e-08   1.61e-07   1.37e-07   5.68e-08   1.61e-07          71.8             4.0           132.4             7.5            35.6       0.986
000072  2019-05-23T07:12:20  2019-05-23T07:12:45   173M07:40:13   173M07:40:38           0         0         1          1156       1218      14491     1.37e-07   5.39e-08   1.56e-07   1.37e-07   5.39e-08   1.56e-07          74.0             5.6           131.4             7.4              33       0.985
000073  2019-05-23T07:47:30  2019-05-23T07:47:55   173M08:14:27   173M08:14:51           1         0         0          7080      11292       4201     3.96e-08    1.6e-07   5.56e-08   3.96e-08    1.6e-07   5.56e-08         185.7             7.3            88.4             7.7            17.1       0.972
000074  2019-05-23T07:47:49  2019-05-23T07:48:14   173M08:14:45   173M08:15:10           1         1         1          7937      12311       4456     4.02e-08   1.74e-07   7.29e-08   4.02e-08   1.74e-07   7.29e-08         185.9             7.5            88.7             7.8            10.7       0.957
000075  2019-05-23T11:22:11  2019-05-23T11:22:36   173M11:43:23   173M11:43:48           1         0         1          1933       1357       3073     1.53e-08   1.86e-08    4.8e-08   1.53e-08   1.86e-08    4.8e-08          86.7             6.3            88.4             6.8            18.3       0.974
000076  2019-05-23T11:47:19  2019-05-23T11:47:44   173M12:07:51   173M12:08:15           0         1         0           819       1209      17422     1.39e-07   7.39e-08   1.58e-07   1.39e-07   7.39e-08   1.58e-07         255.4             2.8            49.5             3.0             158       0.997
000077  2019-05-23T11:47:27  2019-05-23T11:47:52   173M12:07:58   173M12:08:23           1         0         1          1135       1712      17628     1.48e-07   7.39e-08   1.82e-07   1.48e-07   7.39e-08   1.82e-07         256.2             4.3            48.5             4.8            76.6       0.994
000078  2019-05-23T11:57:43  2019-05-23T11:58:08   173M12:17:58   173M12:18:22           0         1         0           921       1359        659     3.56e-09   1.89e-08   6.78e-09   3.56e-09   1.89e-08   6.78e-09           4.5             5.8            87.9             6.0            11.8       0.961
000079  2019-05-23T11:57:55  2019-05-23T11:58:20   173M12:18:10   173M12:18:34           1         0         0          1466       1429        551     3.71e-09    2.2e-08    1.1e-08   3.71e-09    2.2e-08    1.1e-08         164.9             5.1            92.0             5.5            5.55       0.924
000080  2019-05-23T12:19:47  2019-05-23T12:20:12   173M12:39:26   173M12:39:51           1         0         1          1453       1648       2851     2.05e-08   2.97e-08   4.36e-08   2.05e-08   2.97e-08   4.36e-08         248.3            14.3            88.1            15.3            4.72       0.913
000081  2019-05-23T12:19:55  2019-05-23T12:20:20   173M12:39:34   173M12:39:59           0         1         0          1554       1510       2699     1.72e-08   1.72e-08   4.09e-08   1.72e-08   1.72e-08   4.09e-08         254.0            12.3            93.0            12.8            7.87       0.944
000082  2019-05-23T12:58:59  2019-05-23T12:59:24   173M13:17:35   173M13:18:00           1         0         1          1495       1033       2459     2.26e-08   2.27e-08   4.25e-08   2.26e-08   2.27e-08   4.25e-08          85.1            13.7            85.7            14.8            4.84       0.914
000083  2019-05-23T13:16:57  2019-05-23T13:17:22   173M13:35:05   173M13:35:29           1         1         1          9089      17609      15919     1.85e-07   2.56e-07   1.95e-07   1.85e-07   2.56e-07   1.95e-07         213.8            11.2            83.9            12.1            4.83       0.914
000084  2019-05-23T13:29:10  2019-05-23T13:29:35   173M13:46:58   173M13:47:22           1         0         1           919        429       1458     9.33e-09    8.1e-09   2.15e-08   9.33e-09    8.1e-09   2.15e-08         270.2            11.5            80.4            12.1            7.05       0.938
000085  2019-05-23T13:32:43  2019-05-23T13:33:08   173M13:50:25   173M13:50:50           1         1         1          2207       1582       1225     8.25e-09   2.95e-08   2.36e-08   8.25e-09   2.95e-08   2.36e-08         142.0             6.6            89.1             6.9            12.1       0.962
000086  2019-05-23T14:42:01  2019-05-23T14:42:26   173M14:57:53   173M14:58:17           1         1         0          2520       1830        617     8.69e-09    3.1e-08   1.83e-08   8.69e-09    3.1e-08   1.83e-08         334.0             5.0            97.9             5.1            16.2       0.971
000087  2019-05-23T16:10:52  2019-05-23T16:11:17   173M16:24:20   173M16:24:45           0         1         0           751       1097        568     7.76e-09   1.91e-08      9e-09   7.76e-09   1.91e-08      9e-09          11.0            11.7            91.9            12.9            5.51       0.923
000088  2019-05-23T16:31:56  2019-05-23T16:32:21   173M16:44:51   173M16:45:15           1         1         1          1180       2030        861     1.18e-08   3.15e-08   1.71e-08   1.18e-08   3.15e-08   1.71e-08          11.4            12.0            90.3            12.6            6.84       0.936
000089  2019-05-23T16:40:19  2019-05-23T16:40:44   173M16:53:01   173M16:53:25           1         1         1          2874       4225       1635     2.41e-08    6.6e-08   1.69e-08   2.41e-08    6.6e-08   1.69e-08           4.3            10.1            89.0            10.4            13.7       0.966
000090  2019-05-23T16:47:24  2019-05-23T16:47:49   173M16:59:54   173M17:00:18           1         1         1          1037       1849        864     6.47e-09   2.73e-08   1.13e-08   6.47e-09   2.73e-08   1.13e-08          11.3             6.7            90.5             6.9            22.2       0.978
000091  2019-05-23T16:53:08  2019-05-23T16:53:33   173M17:05:29   173M17:05:53           1         1         0          1274       1815        720     7.19e-09   2.67e-08   8.55e-09   7.19e-09   2.67e-08   8.55e-09           4.4             8.8            91.8             9.0            14.3       0.967
000092  2019-05-23T16:53:28  2019-05-23T16:53:53   173M17:05:49   173M17:06:13           1         1         1          1401       2044        849     6.34e-09   2.94e-08    7.3e-09   6.34e-09   2.94e-08    7.3e-09           5.7             7.6            91.7             7.7              24       0.980
000093  2019-05-23T16:56:37  2019-05-23T16:57:02   173M17:08:52   173M17:09:17           1         1         1          1929       2934       1092     6.06e-09   3.94e-08   6.82e-09   6.06e-09   3.94e-08   6.82e-09           5.4             3.6            89.4             4.0             101       0.995
000094  2019-05-23T16:58:17  2019-05-23T16:58:42   173M17:10:30   173M17:10:54           1         1         0           839       1188        355     1.07e-08   1.84e-08   7.37e-09   1.07e-08   1.84e-08   7.37e-09         357.5            14.4            89.2            15.7            5.21       0.919
000095  2019-05-23T16:58:42  2019-05-23T16:59:07   173M17:10:54   173M17:11:18           0         1         0           705       1177        507     7.51e-09    1.7e-08   4.92e-09   7.51e-09    1.7e-08   4.92e-09           8.6             9.1            90.5            11.5            13.6       0.966
000096  2019-05-23T17:00:32  2019-05-23T17:00:57   173M17:12:41   173M17:13:05           0         1         0           669       1275        691     7.35e-09   1.76e-08   7.92e-09   7.35e-09   1.76e-08   7.92e-09          14.4             8.2            91.3            10.6            16.4       0.971
000097  2019-05-23T17:05:20  2019-05-23T17:05:45   173M17:17:21   173M17:17:46           1         1         1          1535       2187        759     1.06e-08   3.37e-08   7.27e-09   1.06e-08   3.37e-08   7.27e-09           3.6             8.1            91.4             8.3            21.6       0.978
000098  2019-05-23T17:06:35  2019-05-23T17:07:00   173M17:18:34   173M17:18:58           1         1         1          3231       6153       2876     4.43e-09   7.91e-08   2.09e-08   4.43e-09   7.91e-08   2.09e-08          12.7             1.4            91.1             1.4             328       0.998
000099  2019-05-23T17:08:05  2019-05-23T17:08:30   173M17:20:02   173M17:20:26           1         1         0          1629       2065        478     7.96e-09   3.03e-08   8.15e-09   7.96e-09   3.03e-08   8.15e-09         356.0             6.6            90.4             6.7            24.7       0.981
000100  2019-05-23T17:10:22  2019-05-23T17:10:47   173M17:22:15   173M17:22:39           1         0         0          2663       4117       1441     5.99e-09   5.73e-08   8.62e-09   5.99e-09   5.73e-08   8.62e-09           4.7             2.6            88.7             2.7             131       0.996
000101  2019-05-23T17:10:38  2019-05-23T17:11:03   173M17:22:30   173M17:22:55           1         1         1          2742       4059       1445     5.12e-09   5.52e-08   7.64e-09   5.12e-09   5.52e-08   7.64e-09           4.2             2.1            88.6             2.1             218       0.998
000102  2019-05-23T17:11:43  2019-05-23T17:12:08   173M17:23:34   173M17:23:59           1         1         1          1594       2602       1009     2.65e-09   3.44e-08   7.16e-09   2.65e-09   3.44e-08   7.16e-09           8.0             2.5            90.7             2.5             157       0.997
000103  2019-05-23T17:13:52  2019-05-23T17:14:17   173M17:25:39   173M17:26:04           1         1         1          1332       2547       1270     2.91e-09   3.29e-08   9.64e-09   2.91e-09   3.29e-08   9.64e-09          14.5             2.3            91.6             2.4             216       0.998
000104  2019-05-23T17:17:11  2019-05-23T17:17:36   173M17:28:53   173M17:29:18           1         1         1          1530       2312        789     2.39e-09   3.06e-08   3.97e-09   2.39e-09   3.06e-08   3.97e-09           4.0             2.2            89.7             2.3             249       0.998
000105  2019-05-23T17:19:09  2019-05-23T17:19:34   173M17:30:48   173M17:31:12           1         1         1          1086       1763        753     3.04e-09   2.39e-08   5.91e-09   3.04e-09   2.39e-08   5.91e-09           7.1             3.6            88.9             3.7            48.3       0.990
000106  2019-05-23T17:19:54  2019-05-23T17:20:19   173M17:31:32   173M17:31:56           0         1         0           748        799        225     3.77e-09   1.21e-08      5e-09   3.77e-09   1.21e-08      5e-09         167.8            11.5            90.6            12.1            5.82       0.927
000107  2019-05-23T17:26:15  2019-05-23T17:26:40   173M17:37:42   173M17:38:07           0         1         1           266        953        620     2.13e-09   1.12e-08   6.62e-09   2.13e-09   1.12e-08   6.62e-09         207.4             5.1            87.8             5.2            40.8       0.988
000108  2019-05-23T17:30:47  2019-05-23T17:31:12   173M17:42:08   173M17:42:32           0         1         0           626       1066        410     1.46e-09    1.4e-08   2.91e-09   1.46e-09    1.4e-08   2.91e-09           5.9             3.1            89.7             3.1            55.3       0.991
000109  2019-05-23T17:32:20  2019-05-23T17:32:45   173M17:43:38   173M17:44:02           0         1         0           565        930        466     1.42e-09   1.22e-08   4.08e-09   1.42e-09   1.22e-08   4.08e-09          12.4             3.8            91.3             3.9            23.8       0.980
000110  2019-05-23T17:35:19  2019-05-23T17:35:44   173M17:46:32   173M17:46:56           1         1         0           986       1409        485     1.74e-09    1.9e-08   3.55e-09   1.74e-09    1.9e-08   3.55e-09           0.9             2.6            90.0             3.4            64.8       0.992
000111  2019-05-23T17:36:40  2019-05-23T17:37:05   173M17:47:51   173M17:48:16           0         1         0           632       1095        421     1.78e-09   1.41e-08   2.45e-09   1.78e-09   1.41e-08   2.45e-09           6.2             3.3            90.3             4.2            52.7       0.991
000112  2019-05-23T17:37:09  2019-05-23T17:37:34   173M17:48:19   173M17:48:43           1         1         1          3677       5939       2420     4.43e-09   7.78e-08   2.05e-08   4.43e-09   7.78e-08   2.05e-08           8.8             0.7            92.2             1.1            55.5       0.991
000113  2019-05-23T17:38:21  2019-05-23T17:38:46   173M17:49:29   173M17:49:53           1         1         1          1165       2134        951     1.58e-09   2.75e-08   6.51e-09   1.58e-09   2.75e-08   6.51e-09          12.3             1.6            89.0             1.7             217       0.998
000114  2019-05-23T17:41:38  2019-05-23T17:42:03   173M17:52:41   173M17:53:05           0         1         0           879       1058        485     1.55e-09   1.49e-08    5.1e-09   1.55e-09   1.49e-08    5.1e-09         182.1             2.9            90.2             3.3            8.38       0.947
000115  2019-05-23T17:41:48  2019-05-23T17:42:13   173M17:52:51   173M17:53:15           1         1         0           893       1090        218      1.4e-09   1.54e-08   2.86e-09    1.4e-09   1.54e-08   2.86e-09         352.0             2.7            89.5             3.0             112       0.996
000116  2019-05-23T17:43:16  2019-05-23T17:43:41   173M17:54:17   173M17:54:41           1         1         1          1901       3044       1191     2.02e-09   3.97e-08    6.5e-09   2.02e-09   3.97e-08    6.5e-09           6.3             1.0            91.4             1.1             436       0.999
000117  2019-05-23T17:44:20  2019-05-23T17:44:45   173M17:55:19   173M17:55:43           1         1         0           903       1253        393     1.44e-09   1.71e-08   1.78e-09   1.44e-09   1.71e-08   1.78e-09         359.8             2.1            89.4             2.6             159       0.997
000118  2019-05-23T17:45:30  2019-05-23T17:45:55   173M17:56:27   173M17:56:51           0         1         0           727       1082        403     1.53e-09   1.47e-08   3.18e-09   1.53e-09   1.47e-08   3.18e-09           4.3             3.9            90.6             3.9            34.3       0.986
000119  2019-05-23T17:46:33  2019-05-23T17:46:58   173M17:57:28   173M17:57:52           1         1         1          3077       4989       1781     1.67e-09   6.44e-08   8.17e-09   1.67e-09   6.44e-08   8.17e-09           5.7             0.6            90.6             0.6             402       0.999
000120  2019-05-23T17:49:22  2019-05-23T17:49:47   173M18:00:13   173M18:00:37           0         1         0           636        957        328     1.84e-09   1.26e-08   5.05e-09   1.84e-09   1.26e-08   5.05e-09           0.3             3.8            90.9             4.3            6.47       0.933
000121  2019-05-23T17:50:56  2019-05-23T17:51:21   173M18:01:44   173M18:02:08           1         1         0          1188       1207        458     1.41e-09   1.77e-08   8.56e-09   1.41e-09   1.77e-08   8.56e-09         347.3             2.2            89.9             2.4            6.58       0.934
000122  2019-05-23T17:52:44  2019-05-23T17:53:09   173M18:03:29   173M18:03:54           0         1         0           618        843        359     1.28e-09   1.15e-08   3.72e-09   1.28e-09   1.15e-08   3.72e-09         186.6             3.6            89.6             4.5            13.2       0.965
000123  2019-05-23T17:52:57  2019-05-23T17:53:22   173M18:03:42   173M18:04:06           0         1         0           571        803        270     1.29e-09   1.11e-08   2.76e-09   1.29e-09   1.11e-08   2.76e-09           1.8             3.8            89.3             4.2            23.5       0.980
000124  2019-05-23T18:00:51  2019-05-23T18:01:16   173M18:11:23   173M18:11:48           1         1         0          1081        984        378     1.49e-09   1.48e-08   8.14e-09   1.49e-09   1.48e-08   8.14e-09         334.0             3.0            90.9             3.3            14.3       0.967
000125  2019-05-23T18:04:57  2019-05-23T18:05:22   173M18:15:23   173M18:15:47           0         1         0           575        810        283     1.42e-09   1.12e-08   2.67e-09   1.42e-09   1.12e-08   2.67e-09           2.0             3.8            90.9             3.9            30.9       0.984
000126  2019-05-23T18:06:58  2019-05-23T18:07:23   173M18:17:21   173M18:17:45           1         1         0          1206       1353        216     1.49e-09   1.92e-08   5.72e-09   1.49e-09   1.92e-08   5.72e-09         346.8             2.2            89.1             2.3            55.9       0.991
000127  2019-05-23T18:08:08  2019-05-23T18:08:33   173M18:18:28   173M18:18:53           1         1         0          1658       1683        279     1.37e-09   2.47e-08   8.06e-09   1.37e-09   2.47e-08   8.06e-09         344.9             1.6            90.3             1.6              51       0.990
000128  2019-05-23T18:09:00  2019-05-23T18:09:25   173M18:19:19   173M18:19:44           1         1         0          1112       1011        270     1.33e-09   1.51e-08   7.13e-09   1.33e-09   1.51e-08   7.13e-09         336.8             2.5            89.4             2.6            59.7       0.992
000129  2019-05-23T18:10:10  2019-05-23T18:10:35   173M18:20:27   173M18:20:51           1         1         0           747       1022        261     1.14e-09   1.41e-08   2.26e-09   1.14e-09   1.41e-08   2.26e-09         178.1             3.2            89.9             3.3            38.8       0.987
000130  2019-05-23T18:10:24  2019-05-23T18:10:49   173M18:20:41   173M18:21:05           0         1         0           562        870        282     1.12e-09   1.16e-08    2.3e-09   1.12e-09   1.16e-08    2.3e-09           2.5             4.3            89.9             4.4              21       0.977
000131  2019-05-23T18:12:09  2019-05-23T18:12:34   173M18:22:23   173M18:22:48           0         1         0           655        821        204     1.47e-09   1.16e-08   1.66e-09   1.47e-09   1.16e-08   1.66e-09         357.4             3.5            88.3             3.7             104       0.995
000132  2019-05-23T18:14:01  2019-05-23T18:14:26   173M18:24:12   173M18:24:36           1         1         0          1632       2086        564     1.98e-09   2.86e-08   4.42e-09   1.98e-09   2.86e-08   4.42e-09         354.6             2.0            88.7             2.1            51.6       0.990
000133  2019-05-23T18:16:11  2019-05-23T18:16:36   173M18:26:18   173M18:26:43           0         1         0           637        970        296     1.58e-09   1.32e-08   2.47e-09   1.58e-09   1.32e-08   2.47e-09         359.6             3.7            88.5             3.8              47       0.990
000134  2019-05-23T18:18:34  2019-05-23T18:18:59   173M18:28:37   173M18:29:02           1         1         0          1422       1946        601      2.7e-09   2.68e-08   3.56e-09    2.7e-09   2.68e-08   3.56e-09           0.3             2.2            91.2             2.3             122       0.996
000135  2019-05-23T18:21:30  2019-05-23T18:21:55   173M18:31:29   173M18:31:54           1         0         0           726        780        130     1.85e-09   1.17e-08   2.55e-09   1.85e-09   1.17e-08   2.55e-09         352.1             3.6            87.7             4.3            59.9       0.992
000136  2019-05-23T18:22:58  2019-05-23T18:23:23   173M18:32:54   173M18:33:19           1         1         0          1503       1900        455     1.78e-09   2.63e-08    3.6e-09   1.78e-09   2.63e-08    3.6e-09         355.6             1.9            90.3             2.3             190       0.997
000137  2019-05-23T18:32:49  2019-05-23T18:33:14   173M18:42:30   173M18:42:54           1         1         0          1641       1808        198     1.36e-09   2.59e-08   6.04e-09   1.36e-09   2.59e-08   6.04e-09         348.5             1.7            89.6             1.7             215       0.998
000138  2019-05-23T18:46:30  2019-05-23T18:46:55   173M18:55:49   173M18:56:13           0         0         1           163        120        729     5.96e-09   3.23e-09   7.36e-09   5.96e-09   3.23e-09   7.36e-09         255.7             9.2            52.3            10.8            12.9       0.964
000139  2019-05-23T18:56:19  2019-05-23T18:56:44   173M19:05:22   173M19:05:47           1         1         1          1167       1776        608     1.81e-09   2.37e-08   2.63e-09   1.81e-09   2.37e-08   2.63e-09           4.6             1.6            88.4             2.1             433       0.999
000140  2019-05-23T19:01:30  2019-05-23T19:01:55   173M19:10:25   173M19:10:49           1         1         0          1035       1087        189     1.56e-09   1.62e-08   4.64e-09   1.56e-09   1.62e-08   4.64e-09         347.6             2.7            88.4             2.7            52.5       0.991
000141  2019-05-23T19:05:09  2019-05-23T19:05:34   173M19:13:58   173M19:14:22           1         0         0           571        629        249     1.56e-09   9.51e-09   3.11e-09   1.56e-09   9.51e-09   3.11e-09         175.8             4.5            93.4             5.7              10       0.955
000142  2019-05-23T19:05:27  2019-05-23T19:05:52   173M19:14:15   173M19:14:40           0         1         0           558        768        307     1.76e-09   1.07e-08   1.98e-09   1.76e-09   1.07e-08   1.98e-09           2.7             3.9            92.6             3.9              59       0.992
000143  2019-05-23T19:16:32  2019-05-23T19:16:57   173M19:25:02   173M19:25:27           1         1         0           728        771         98     1.48e-09   1.15e-08    3.5e-09   1.48e-09   1.15e-08    3.5e-09         345.1             3.6            88.9             3.7            76.2       0.994
000144  2019-05-23T19:31:30  2019-05-23T19:31:55   173M19:39:37   173M19:40:01           1         0         0           715         99        421     3.14e-09   4.79e-09    8.3e-09   3.14e-09   4.79e-09    8.3e-09         297.8             5.2           102.8             5.6            43.9       0.989
000145  2019-05-23T20:37:08  2019-05-23T20:37:33   173M20:43:29   173M20:43:54           1         1         0           753       1007        332     1.71e-09   1.42e-08   2.13e-09   1.71e-09   1.42e-08   2.13e-09           0.8             3.0            91.9             3.6            87.8       0.994
000146  2019-05-23T20:57:42  2019-05-23T20:58:07   173M21:03:30   173M21:03:54           1         1         0           598        909        329     1.78e-09   1.22e-08   1.91e-09   1.78e-09   1.22e-08   1.91e-09           4.3             4.5            92.4             4.5            66.6       0.993
000147  2019-05-23T21:17:34  2019-05-23T21:17:59   173M21:22:51   173M21:23:15           1         0         0           636        307        426     1.71e-09   6.08e-09   7.38e-09   1.71e-09   6.08e-09   7.38e-09         127.5             5.5            93.8             5.6            35.6       0.986
000148  2019-05-23T22:15:48  2019-05-23T22:16:13   173M22:19:31   173M22:19:55           1         0         0           545         93        454     1.87e-09   3.51e-09   7.89e-09   1.87e-09   3.51e-09   7.89e-09         109.2             5.0            85.8             6.2            40.7       0.988
000149  2019-05-23T22:35:28  2019-05-23T22:35:53   173M22:38:39   173M22:39:03           0         0         1           140        200        889     8.73e-09   2.37e-09   9.29e-09   8.73e-09   2.37e-09   9.29e-09         266.0             5.6            46.0             7.3            33.7       0.986
000150  2019-05-23T23:07:30  2019-05-23T23:07:55   173M23:09:50   173M23:10:14           1         1         1          3196      11207      12000     3.82e-08   1.39e-07    1.1e-07   3.82e-08   1.39e-07    1.1e-07          38.0             1.1           101.5             1.2             542       0.999
000151  2019-05-23T23:19:19  2019-05-23T23:19:44   173M23:21:20   173M23:21:44           0         1         1           279       1447       1376     6.38e-09   1.99e-08   1.77e-08   6.38e-09   1.99e-08   1.77e-08          40.0             5.9            85.4             6.8            27.3       0.982
000152  2019-05-23T23:21:52  2019-05-23T23:22:17   173M23:23:49   173M23:24:13           1         1         0           630        934        499     4.77e-09   1.37e-08   7.47e-09   4.77e-09   1.37e-08   7.47e-09         186.7            10.2            90.6            10.8            4.88       0.915
000153  2019-05-23T23:43:22  2019-05-23T23:43:47   173M23:44:44   173M23:45:08           0         1         1           509      16115      29868     1.18e-07   2.02e-07   2.87e-07   1.18e-07   2.02e-07   2.87e-07          55.0             0.3           108.5             0.3        2.27e+04       1.000


#   +-------------------------------------------------------------------------------------------------------------------------+
#   | DATA:                                                                                                                   |
#   |   path:                       Example/XB.ELYSE.03.BH?_2019-05-22T23:18:50.649000Z-2019-05-23T23:59:36.249000Z_raw.mseed |
#   |   IDs:                        XB.ELYSE.03.BHU, XB.ELYSE.03.BHV, XB.ELYSE.03.BHW                                         |
#   |   UTC start:                  2019-05-22T23:18:50                                                                       |
#   |   UTC end:                    2019-05-23T23:59:36                                                                       |
#   |   UTC length (without gaps):  1 day, 0:41:40 (h:m:s)                                                                    |
#   |   LMST start:                 172M23:59:24                                                                              |
#   |   LMST end:                   174M00:00:32                                                                              |
#   |   LMST length (without gaps): 1 sol, 0:02:01 (h:m:s)                                                                    |
#   |                                                                                                                         |
#   | PARAMETERS:                                                                                                             |
#   |   Taper length per side %:    0.0                                                                                       |
#   |   Pre filtering:              False                                                                                     |
#   |   Water level:                60                                                                                        |
#   |   ACCfilter:                  bandpass                                                                                  |
#   |                               0.001 < f < 0.1                                                                           |
#   |   Threshold:                  5e-10 nm/s**3                                                                             |
#   |   Show triggering:            False                                                                                     |
#   |   Glitches' min dist:         5 s                                                                                       |
#   |   Glitch length (fix):        25 s                                                                                      |
#   |   Glitch min polarization:    0.91                                                                                      |
#   |                                                                                                                         |
#   | RESULTS:                                                                                                                |
#   |     Glitches all:             153                                                                                       |
#   |        all / sol:             153                                                                                       |
#   |             on U:             99                                                                                        |
#   |             on V:             99                                                                                        |
#   |             on W:             94                                                                                        |
#   |        only on U:             13                                                                                        |
#   |        only on V:             22                                                                                        |
#   |        only on W:             21                                                                                        |
#   |     indi./ all %:             36.6                                                                                      |
#   |                                                                                                                         |
#   | Done in:   0:01:05 (h:m:s), 0:01:05 / sol.                                                                              |
#   | Timestamp: 2020-07-30T18:07:14                                                                                          |
#   +-------------------------------------------------------------------------------------------------------------------------+
