  -113.000
  -498.000
  -1348.00
  -2723.00
  -4354.00
  -5500.00
  -5028.00
  -1824.00
   4482.00
   12758.0
   20031.0
   22032.0
   14821.0
  -2871.00
  -27551.0
  -50446.0
  -59590.0
  -44591.0
  -2670.00
   56734.0
   111809.
   134537.
   102381.
   11484.0
  -114841.
  -228321.
  -271131.
  -201055.
  -16918.0
   228342.
   437193.
   501566.
   351781.
   440.000
  -441445.
  -791464.
  -864096.
  -557800.
   76374.0
   822168.
   1.360976E+06
   1.397831E+06
   804950.
  -281472.
  -1.467513E+06
  -2.230140E+06
  -2.133486E+06
  -1.049119E+06
   722512.
   2.506255E+06
   3.491400E+06
   3.079809E+06
   1.201388E+06
  -1.556213E+06
  -4.098129E+06
  -5.233933E+06
  -4.206238E+06
  -1.112096E+06
   2.995748E+06
   6.428965E+06
   7.528090E+06
   5.422869E+06
   554639.
  -5.316225E+06
  -9.702975E+06
  -1.040735E+07
  -6.558930E+06
   791554.
   8.861162E+06
   1.413637E+07
   1.385084E+07
   7.339283E+06
  -3.363934E+06
  -1.405820E+07
  -1.996030E+07
  -1.777000E+07
  -7.354101E+06
   7.759975E+06
   2.146410E+07
   2.745064E+07
   2.200320E+07
   6.004493E+06
  -1.483838E+07
  -3.188704E+07
  -3.702172E+07
  -2.632115E+07
  -2.373957E+06
   2.598176E+07
   4.671550E+07
   4.948446E+07
   3.044406E+07
  -5.131412E+06
  -4.384689E+07
  -6.887410E+07
  -6.680950E+07
  -3.406948E+07
   1.997671E+07
   7.492184E+07
   1.062223E+08
   9.495829E+07
   3.690738E+07
  -5.278558E+07
  -1.417687E+08
  -1.895292E+08
  -1.607748E+08
  -3.871690E+07
   1.665305E+08
   4.178376E+08
   6.599089E+08
   8.346668E+08
   8.983311E+08
   8.346668E+08
   6.599089E+08
   4.178376E+08
   1.665305E+08
  -3.871690E+07
  -1.607748E+08
  -1.895292E+08
  -1.417687E+08
  -5.278558E+07
   3.690738E+07
   9.495829E+07
   1.062223E+08
   7.492184E+07
   1.997671E+07
  -3.406948E+07
  -6.680950E+07
  -6.887410E+07
  -4.384689E+07
  -5.131412E+06
   3.044406E+07
   4.948446E+07
   4.671550E+07
   2.598176E+07
  -2.373957E+06
  -2.632115E+07
  -3.702172E+07
  -3.188704E+07
  -1.483838E+07
   6.004493E+06
   2.200320E+07
   2.745064E+07
   2.146410E+07
   7.759975E+06
  -7.354101E+06
  -1.777000E+07
  -1.996030E+07
  -1.405820E+07
  -3.363934E+06
   7.339283E+06
   1.385084E+07
   1.413637E+07
   8.861162E+06
   791554.
  -6.558930E+06
  -1.040735E+07
  -9.702975E+06
  -5.316225E+06
   554639.
   5.422869E+06
   7.528090E+06
   6.428965E+06
   2.995748E+06
  -1.112096E+06
  -4.206238E+06
  -5.233933E+06
  -4.098129E+06
  -1.556213E+06
   1.201388E+06
   3.079809E+06
   3.491400E+06
   2.506255E+06
   722512.
  -1.049119E+06
  -2.133486E+06
  -2.230140E+06
  -1.467513E+06
  -281472.
   804950.
   1.397831E+06
   1.360976E+06
   822168.
   76374.0
  -557800.
  -864096.
  -791464.
  -441445.
   440.000
   351781.
   501566.
   437193.
   228342.
  -16918.0
  -201055.
  -271131.
  -228321.
  -114841.
   11484.0
   102381.
   134537.
   111809.
   56734.0
  -2670.00
  -44591.0
  -59590.0
  -50446.0
  -27551.0
  -2871.00
   14821.0
   22032.0
   20031.0
   12758.0
   4482.00
  -1824.00
  -5028.00
  -5500.00
  -4354.00
  -2723.00
  -1348.00
  -498.000
  -113.000
