2320 
9975 
15603 
-831 
-38461 
-42831 
34419 
114788 
34631 
-178354 
-197573 
157284 
438989 
46511 
-666356 
-505685 
700483 
1198734 
-310419 
-1944473 
-697524 
2376792 
2349562 
-1996666 
-4373007 
320464 
6124409 
2891046 
-6640105 
-7380944 
4848889 
12214329 
63722 
-15768972 
-8211033 
15975002 
18609964 
-10816789 
-28987035 
-975121 
35917394 
19196399 
-35352348 
-41604962 
23482390 
63703814 
2236321 
-78951807 
-42147674 
79299270 
93829574 
-55595345 
-152108414 
-3360769 
209735279 
117510735 
-258628757 
-353860638 
291422980 
1331714740 
1844512360 
1331714740 
291422980 
-353860638 
-258628757 
117510735 
209735279 
-3360769 
-152108414 
-55595345 
93829574 
79299270 
-42147674 
-78951807 
2236321 
63703814 
23482390 
-41604962 
-35352348 
19196399 
35917394 
-975121 
-28987035 
-10816789 
18609964 
15975002 
-8211033 
-15768972 
63722 
12214329 
4848889 
-7380944 
-6640105 
2891046 
6124409 
320464 
-4373007 
-1996666 
2349562 
2376792 
-697524 
-1944473 
-310419 
1198734 
700483 
-505685 
-666356 
46511 
438989 
157284 
-197573 
-178354 
34631 
114788 
34419 
-42831 
-38461 
-831 
15603 
9975 
2320 
