104 
353 
784 
1335 
1785 
1723 
596 
-2148 
-6809 
-13144 
-20114 
-25810 
-27679 
-23107 
-10310 
10652 
37067 
63334 
81617 
83512 
62541 
16912 
-48258 
-120211 
-180015 
-206475 
-181971 
-98940 
34889 
194518 
340499 
426973 
413803 
280081 
35191 
-276602 
-581015 
-788792 
-818750 
-623543 
-211071 
346007 
917989 
1344376 
1474613 
1214028 
562349 
-368144 
-1364073 
-2154197 
-2477475 
-2160429 
-1182641 
290915 
1925855 
3286256 
3943205 
3599028 
2193577 
-41102 
-2601840 
-4816591 
-6010678 
-5698734 
-3750731 
-480259 
3381058 
6832262 
8849265 
8671840 
6054572 
1405412 
-4242466 
-9439995 
-12676510 
-12797113 
-9373165 
-2914629 
5155378 
12786118 
17796584 
18470206 
14091573 
5267992 
-6080944 
-17101057 
-24687171 
-26317455 
-20824192 
-8878943 
6974683 
22803141 
34205120 
37471657 
30692781 
14501528 
-7789653 
-30767256 
-48136705 
-54330477 
-46116782 
-23781492 
8480241 
43161415 
70991514 
83147131 
73647952 
41347994 
-9005945 
-67015234 
-118246033 
-146981082 
-139571405 
-87677462 
9334940 
143445895 
298774246 
454046763 
586305986 
675108729 
706380386 
675108729 
586305986 
454046763 
298774246 
143445895 
9334940 
-87677462 
-139571405 
-146981082 
-118246033 
-67015234 
-9005945 
41347994 
73647952 
83147131 
70991514 
43161415 
8480241 
-23781492 
-46116782 
-54330477 
-48136705 
-30767256 
-7789653 
14501528 
30692781 
37471657 
34205120 
22803141 
6974683 
-8878943 
-20824192 
-26317455 
-24687171 
-17101057 
-6080944 
5267992 
14091573 
18470206 
17796584 
12786118 
5155378 
-2914629 
-9373165 
-12797113 
-12676510 
-9439995 
-4242466 
1405412 
6054572 
8671840 
8849265 
6832262 
3381058 
-480259 
-3750731 
-5698734 
-6010678 
-4816591 
-2601840 
-41102 
2193577 
3599028 
3943205 
3286256 
1925855 
290915 
-1182641 
-2160429 
-2477475 
-2154197 
-1364073 
-368144 
562349 
1214028 
1474613 
1344376 
917989 
346007 
-211071 
-623543 
-818750 
-788792 
-581015 
-276602 
35191 
280081 
413803 
426973 
340499 
194518 
34889 
-98940 
-181971 
-206475 
-180015 
-120211 
-48258 
16912 
62541 
83512 
81617 
63334 
37067 
10652 
-10310 
-23107 
-27679 
-25810 
-20114 
-13144 
-6809 
-2148 
596 
1723 
1785 
1335 
784 
353 
104 
